MAP 	PAP 	PAV 	MAV 	ID
18	21	8	7	1 
13	14	13	17	2 
14	15	11	17	3 
21	21	8	19	4 
19	17	8	16	5 
20	21	3	4	6 
16	15	14	16	7 
14	17	12	14	8 
13	11	8	9	9 
8	11	8	9	10 
15	19	14	15	11 
15	19	12	13	12 
17	20	16	17	13 
9	7	5	7	14 
10	8	11	12	15 
11	3	5	6	16 
21	20	19	17	17 
21	9	13	8	18 
15	15	17	15	19 
13	17	14	11	20 
13	14	14	9	21 
16	15	13	14	22 
12	12	7	18	23 
17	19	16	3	24 
21	15	21	17	25 
21	6	11	8	26 
18	17	10	19	27 
14	8	10	8	28 
16	14	9	15	29 
15	6	13	9	30 
16	17	11	13	31 
17	18	10	12	32 
14	15	21	16	33 
21	20	21	21	34 
19	17	20	14	35 
18	9	15	7	36 
13	14	3	3	37 
20	21	6	4	38 
19	15	16	14	39 
21	21	10	8	40 
18	21	9	5	41 
11	9	9	11	42 
20	18	6	8	43 
17	15	13	15	44 
19	9	16	17	45 
14	17	16	18	46 
13	13	14	10	47 
16	18	11	14	48 
18	20	19	15	49 
13	15	11	16	50 
15	12	11	11	51 
21	21	21	21	52 
21	18	11	13	53 
14	19	9	13	54 
10	10	10	11	55 
18	9	8	10	56 
16	14	12	15	57 
12	16	10	14	58 
18	11	10	12	59 
19	11	15	13	60 
19	15	14	15	61 
20	21	18	19	62 
21	17	20	18	63 
16	4	12	7	64 
12	14	18	14	65 
12	15	10	14	66 
12	6	12	11	67 
11	11	9	9	68 
20	21	18	20	69 
19	17	12	9	70 
19	18	6	13	71 
17	12	8	13	72 
12	16	13	19	73 
17	21	12	18	74 
16	4	14	3	75 
18	19	9	7	76 
16	21	14	14	77 
11	15	14	15	78 
12	9	15	8	79 
19	20	4	3	80 
21	10	15	13	81 
9	17	9	11	82 
20	16	16	16	83 
16	12	8	12	84 
13	9	10	10	85 
14	17	13	13	86 
16	11	16	17	87 
16	7	9	7	88 
20	18	14	18	89 
19	16	13	16	90 
8	8	5	10	91 
18	15	13	15	92 
21	20	12	16	93 
15	15	15	14	94 
14	15	14	13	95 
17	18	14	18	96 
15	16	14	16	97 
18	18	17	14	98 
17	17	16	17	99 
13	4	4	4	100 
18	18	19	9	101 
5	13	6	16	102 
14	10	12	8	103 
17	16	8	11	104 
19	13	5	7	105 
21	21	8	21	106 
19	17	15	18	107 
15	18	8	12	108 
19	9	15	13	109 
12	13	14	16	110 
20	11	12	13	111 
15	14	8	11	112 
17	13	15	15	113 
14	11	11	13	114 
16	18	10	9	115 
13	13	12	10	116 
13	14	12	17	117 
10	10	10	12	118 
11	12	12	17	119 
20	15	8	10	120 
19	13	14	14	121 
18	18	12	13	122 
9	13	12	13	123 
17	17	17	17	124 
12	11	15	14	125 
21	11	10	12	126 
14	17	8	17	127 
15	15	16	17	128 
11	17	16	16	129 
21	21	9	6	130 
20	17	13	15	131 
18	21	13	5	132 
16	21	14	12	133 
19	18	12	13	134 
13	10	11	12	135 
19	19	14	19	136 
9	6	6	6	137 
14	13	5	12	138 
18	19	14	18	139 
12	11	10	9	140 
7	9	9	12	141 
20	18	10	12	142 
18	15	15	10	143 
19	21	15	6	144 
14	9	9	12	145 
21	16	16	11	146 
16	11	11	17	147 
19	19	15	20	148 
19	20	10	19	149 
18	17	16	7	150 
19	21	15	20	151 
14	10	11	15	152 
13	11	5	16	153 
21	18	6	6	154 
6	10	9	13	155 
16	17	16	16	156 
13	14	10	12	157 
20	6	16	10	158 
16	9	6	7	159 
9	11	9	11	160 
12	20	8	15	161 
13	11	7	12	162 
13	18	6	14	163 
16	15	15	17	164 
11	7	13	17	165 
18	6	12	9	166 
11	13	13	15	167 
19	21	19	14	168 
17	20	17	16	169 
17	8	14	9	170 
18	12	21	17	171 
14	10	10	14	172 
17	16	14	13	173 
19	21	19	19	174 
16	17	11	14	175 
7	5	11	13	176 
12	12	6	11	177 
18	18	7	5	178 
19	18	10	11	179 
18	17	14	13	180 
20	15	7	10	181 
10	11	11	11	182 
16	7	4	10	183 
15	9	13	7	184 
13	13	19	12	185 
15	14	6	11	186 
17	17	14	11	187 
15	15	17	18	188 
16	15	14	15	189 
17	15	11	8	190 
14	14	12	12	191 
11	15	11	13	192 
11	7	11	6	193 
16	15	6	11	194 
21	16	9	9	195 
16	21	16	21	196 
14	11	11	14	197 
18	13	12	11	198 
16	15	8	13	199 
13	13	11	13	200 
16	10	14	10	201 
17	13	11	17	202 
17	21	9	21	203 
15	11	3	6	204 
16	19	16	13	205 
18	8	7	7	206 
18	21	6	20	207 
14	13	7	15	208 
20	14	14	16	209 
15	13	15	9	210 
16	20	16	18	211 
15	15	14	15	212 
12	13	13	8	213 
14	11	11	15	214 
16	19	19	19	215 
18	19	17	20	216 
17	13	11	15	217 
13	15	12	15	218 
18	18	14	18	219 
15	17	9	14	220 
17	14	6	13	221 
12	12	12	12	222 
20	6	17	7	223 
19	19	18	15	224 
20	19	8	15	225 
16	12	9	5	226 
16	3	11	3	227 
19	20	10	15	228 
16	16	12	16	229 
13	12	7	14	230 
15	9	11	11	231 
19	18	18	11	232 
16	15	15	14	233 
8	18	6	8	234 
16	18	10	9	235 
16	16	15	17	236 
16	20	13	9	237 
19	19	18	20	238 
13	15	16	15	239 
14	11	8	11	240 
19	19	16	15	241 
11	15	7	7	242 
18	6	7	7	243 
15	20	11	10	244 
18	19	14	13	245 
10	9	7	4	246 
20	21	5	21	247 
19	21	8	11	248 
14	12	16	12	249 
19	15	15	14	250 
21	16	13	14	251 
21	3	10	3	252 
21	21	17	21	253 
15	14	13	11	254 
12	21	8	17	255 
17	9	13	8	256 
16	16	15	15	257 
9	21	18	21	258 
14	19	7	6	259 
13	14	8	11	260 
17	8	6	10	261 
21	21	3	21	262 
19	19	17	16	263 
17	15	9	12	264 
15	14	11	14	265 
19	15	9	9	266 
18	13	9	16	267 
19	19	13	14	268 
18	10	18	11	269 
21	15	15	9	270 
19	17	12	15	271 
20	21	19	19	272 
13	15	8	14	273 
19	15	12	15	274 
13	18	11	15	275 
16	15	13	13	276 
18	16	9	16	277 
18	19	9	12	278 
8	8	9	8	279 
17	21	10	21	280 
15	14	9	11	281 
14	14	11	9	282 
18	13	11	7	283 
15	15	13	13	284 
20	19	10	18	285 
21	21	19	19	286 
15	15	7	15	287 
11	11	7	8	288 
18	18	11	17	289 
18	14	16	14	290 
21	18	15	11	291 
10	19	10	9	292 
19	15	12	10	293 
18	14	13	13	294 
21	21	12	14	295 
19	14	4	13	296 
15	18	14	17	297 
16	13	10	11	298 
19	16	11	15	299 
21	18	20	11	300 
18	20	12	15	301 
17	18	17	19	302 
10	11	12	14	303 
11	11	6	14	304 
21	17	16	13	305 
17	20	11	12	306 
17	20	17	15	307 
11	6	9	8	308 
15	12	14	9	309 
17	14	13	13	310 
17	16	6	13	311 
16	21	16	9	312 
18	13	10	14	313 
10	15	12	17	314 
21	21	11	5	315 
18	11	17	13	316 
20	18	13	9	317 
21	21	20	9	318 
18	17	19	18	319 
15	14	12	14	320 
18	21	13	17	321 
20	17	4	14	322 
21	21	10	12	323 
17	3	3	3	324 
21	19	17	18	325 
18	19	8	9	326 
19	17	17	21	327 
12	15	7	16	328 
12	15	15	11	329 
16	16	11	16	330 
10	10	7	11	331 
15	10	11	7	332 
16	5	18	4	333 
17	18	14	13	334 
21	21	3	15	335 
19	17	3	17	336 
20	16	16	13	337 
20	15	9	17	338 
16	14	13	11	339 
15	17	13	16	340 
21	18	13	14	341 
17	13	21	15	342 
17	21	12	5	343 
17	8	16	13	344 
20	5	14	7	345 
11	12	12	13	346 
20	20	6	6	347 
15	10	8	6	348 
17	20	10	14	349 
15	21	19	20	350 
9	18	10	17	351 
15	13	11	16	352 
7	8	15	11	353 
12	21	15	16	354 
16	16	5	12	355 
11	17	8	6	356 
19	15	10	13	357 
6	11	6	9	358 
21	18	6	13	359 
17	15	12	13	360 
15	8	13	13	361 
17	20	12	12	362 
19	21	12	19	363 
13	12	10	11	364 
18	20	10	8	365 
19	19	19	12	366 
15	6	7	3	367 
11	17	5	9	368 
16	13	13	14	369 
14	15	14	14	370 
13	15	10	14	371 
16	16	10	17	372 
9	12	5	11	373 
19	21	9	21	374 
13	18	19	20	375 
13	14	16	14	376 
14	15	7	11	377 
19	19	6	17	378 
16	15	13	15	379 
17	16	16	13	380 
11	9	12	10	381 
13	15	17	18	382 
20	15	10	10	383 
15	12	10	12	384 
19	15	15	13	385 
15	18	13	15	386 
18	21	7	9	387 
16	16	9	14	388 
21	3	14	3	389 
14	16	11	13	390 
18	15	13	13	391 
16	16	10	10	392 
21	21	14	19	393 
16	15	6	10	394 
11	14	12	16	395 
18	18	19	19	396 
20	21	14	14	397 
13	10	13	15	398 
16	18	15	17	399 
19	14	15	12	400 
13	5	8	11	401 
14	13	13	12	402 
19	14	11	17	403 
16	20	10	19	404 
17	21	12	21	405 
20	21	7	10	406 
15	14	12	16	407 
14	16	17	13	408 
10	12	7	10	409 
15	16	8	17	410 
21	19	16	19	411 
17	17	15	13	412 
10	19	8	14	413 
18	11	7	12	414 
18	20	13	15	415 
21	10	19	11	416 
13	16	13	8	417 
20	21	5	20	418 
21	21	12	19	419 
20	19	6	14	420 
20	16	16	13	421 
18	11	12	10	422 
20	17	18	13	423 
16	17	16	16	424 
17	12	15	16	425 
19	19	6	10	426 
19	20	5	11	427 
15	13	17	11	428 
21	18	14	7	429 
14	18	9	10	430 
18	19	10	6	431 
17	18	15	15	432 
10	5	5	7	433 
16	4	7	3	434 
13	15	6	12	435 
18	18	19	12	436 
18	9	13	11	437 
18	14	16	15	438 
19	20	18	13	439 
11	12	9	11	440 
13	16	6	15	441 
15	21	9	17	442 
18	19	17	15	443 
18	21	8	3	444 
16	14	6	16	445 
16	18	10	12	446 
14	16	13	18	447 
21	19	10	9	448 
12	11	9	9	449 
17	17	16	16	450 
14	13	16	9	451 
12	12	11	14	452 
8	10	10	9	453 
16	17	10	13	454 
15	15	11	13	455 
19	14	13	16	456 
14	19	10	12	457 
18	16	16	17	458 
18	16	8	9	459 
4	4	6	5	460 
19	12	10	15	461 
18	18	13	12	462 
17	17	15	13	463 
15	15	11	14	464 
14	20	12	15	465 
12	15	10	15	466 
21	20	13	19	467 
19	15	12	17	468 
12	13	9	15	469 
13	6	11	10	470 
21	21	21	17	471 
10	12	8	11	472 
17	19	9	13	473 
20	21	13	14	474 
10	11	9	11	475 
16	9	9	8	476 
15	16	10	17	477 
21	21	21	21	478 
18	17	18	17	479 
14	13	13	13	480 
18	11	10	6	481 
15	20	12	19	482 
14	16	9	8	483 
16	15	11	16	484 
18	17	15	19	485 
20	20	15	21	486 
14	15	16	17	487 
10	15	10	16	488 
10	17	13	17	489 
18	16	13	12	490 
14	12	9	9	491 
20	21	14	10	492 
20	21	8	9	493 
17	15	10	16	494 
15	15	11	13	495 
14	18	10	19	496 
14	11	12	13	497 
11	12	6	9	498 
18	19	13	13	499 
18	19	6	11	500 
21	18	10	8	501 
16	14	14	15	502 
15	18	15	7	503 
16	15	17	16	504 
21	17	19	18	505 
21	14	4	4	506 
17	20	11	5	507 
21	18	16	14	508 
20	15	13	12	509 
15	18	13	14	510 
20	21	20	21	511 
18	12	11	9	512 
17	18	18	9	513 
13	9	12	13	514 
16	15	10	14	515 
17	4	13	5	516 
15	21	13	9	517 
21	6	8	10	518 
13	12	13	13	519 
19	21	15	18	520 
18	12	15	6	521 
21	21	21	21	522 
16	15	17	13	523 
12	16	7	9	524 
18	21	4	13	525 
16	15	14	13	526 
18	17	12	14	527 
20	15	10	15	528 
15	15	12	6	529 
19	15	15	14	530 
12	13	10	12	531 
8	9	8	10	532 
20	16	11	14	533 
15	17	8	14	534 
19	18	18	14	535 
17	15	17	12	536 
19	21	21	17	537 
16	18	12	17	538 
18	16	8	15	539 
20	17	12	15	540 
19	17	16	11	541 
12	21	6	19	542 
15	15	8	8	543 
14	12	13	11	544 
16	17	16	15	545 
21	20	9	12	546 
17	9	14	9	547 
13	18	9	16	548 
11	13	12	10	549 
20	8	10	7	550 
16	10	13	13	551 
20	19	6	6	552 
16	18	9	11	553 
19	19	7	15	554 
16	20	16	16	555 
16	15	15	15	556 
21	21	10	15	557 
19	18	11	19	558 
21	21	15	8	559 
19	18	5	6	560 
12	16	12	9	561 
19	19	10	3	562 
18	21	11	11	563 
14	17	11	7	564 
17	12	5	10	565 
20	21	11	21	566 
15	15	14	15	567 
17	18	12	16	568 
19	21	13	10	569 
12	17	11	11	570 
12	8	11	9	571 
16	16	13	14	572 
17	13	14	12	573 
16	18	14	18	574 
20	10	11	13	575 
21	14	16	15	576 
17	18	18	12	577 
16	12	12	13	578 
14	17	9	18	579 
15	20	14	19	580 
13	15	11	15	581 
13	16	17	18	582 
14	18	5	11	583 
14	11	9	11	584 
15	16	9	9	585 
11	16	13	16	586 
17	13	12	10	587 
20	15	12	16	588 
18	13	12	15	589 
15	16	4	13	590 
17	21	9	13	591 
15	3	17	7	592 
21	20	4	9	593 
15	13	14	15	594 
14	16	11	13	595 
17	14	9	15	596 
15	17	14	15	597 
18	14	12	12	598 
12	14	11	10	599 
18	17	13	13	600 
17	18	8	5	601 
15	17	13	15	602 
14	20	13	10	603 
19	20	12	16	604 
17	19	14	17	605 
20	17	11	5	606 
19	18	16	13	607 
18	18	14	16	608 
16	13	12	13	609 
18	19	17	18	610 
18	18	16	17	611 
19	14	17	9	612 
13	17	11	16	613 
17	18	14	8	614 
18	10	5	4	615 
17	17	14	14	616 
17	17	14	17	617 
10	14	8	12	618 
17	15	11	7	619 
16	15	16	13	620 
16	7	13	13	621 
11	13	13	10	622 
17	18	12	18	623 
15	14	10	12	624 
18	18	14	11	625 
15	18	14	10	626 
21	10	14	10	627 
10	14	8	10	628 
18	7	8	3	629 
16	20	9	13	630 
20	18	14	18	631 
19	12	10	14	632 
15	10	13	11	633 
13	11	12	13	634 
19	16	13	18	635 
17	17	8	10	636 
11	8	14	8	637 
21	21	6	15	638 
21	21	12	18	639 
15	17	12	6	640 
19	15	10	12	641 
11	16	18	17	642 
15	18	14	18	643 
13	12	6	15	644 
12	13	11	14	645 
15	20	4	3	646 
18	6	7	6	647 
15	16	9	10	648 
14	16	9	11	649 
15	14	13	10	650 
12	11	10	17	651 
13	11	10	14	652 
16	20	10	17	653 
13	15	9	12	654 
19	13	9	16	655 
15	16	9	15	656 
12	12	14	14	657 
15	15	9	14	658 
19	17	10	15	659 
17	10	11	11	660 
17	13	12	9	661 
9	11	12	14	662 
14	15	11	13	663 
12	12	6	10	664 
13	19	10	12	665 
11	19	6	11	666 
16	9	11	9	667 
20	21	16	10	668 
19	16	18	19	669 
14	16	10	9	670 
15	18	7	8	671 
16	16	9	8	672 
17	18	7	6	673 
11	14	12	15	674 
13	16	8	17	675 
12	15	12	13	676 
11	6	13	6	677 
21	20	11	10	678 
17	17	13	19	679 
14	15	13	8	680 
14	12	14	13	681 
12	14	10	18	682 
19	18	8	10	683 
15	12	16	13	684 
21	16	11	11	685 
17	11	13	9	686 
7	13	8	19	687 
15	16	16	12	688 
21	21	10	21	689 
15	17	16	15	690 
15	7	11	6	691 
18	17	15	19	692 
15	10	16	10	693 
15	15	9	12	694 
13	16	9	6	695 
15	16	11	11	696 
20	18	11	10	697 
16	13	11	8	698 
14	10	13	10	699 
16	16	12	12	700 
16	16	16	15	701 
20	18	19	21	702 
18	18	8	13	703 
21	21	12	21	704 
9	15	12	9	705 
12	14	9	13	706 
18	15	15	15	707 
19	10	10	6	708 
19	20	16	13	709 
12	6	11	6	710 
20	21	14	7	711 
18	21	17	13	712 
18	18	6	3	713 
17	18	14	14	714 
17	14	10	10	715 
16	18	12	7	716 
18	16	12	12	717 
20	19	15	17	718 
19	13	8	13	719 
11	12	10	15	720 
17	18	10	17	721 
15	10	10	9	722 
20	17	11	16	723 
21	13	7	6	724 
21	21	12	19	725 
16	19	14	16	726 
9	14	6	12	727 
17	12	13	10	728 
21	18	15	15	729 
17	12	10	6	730 
15	16	14	16	731 
16	17	12	19	732 
17	20	17	18	733 
19	18	7	5	734 
12	14	10	14	735 
21	15	15	15	736 
19	17	18	15	737 
17	15	17	16	738 
7	6	8	7	739 
21	13	5	7	740 
11	15	14	15	741 
19	3	16	7	742 
15	17	11	11	743 
19	11	18	10	744 
17	18	18	11	745 
13	19	12	16	746 
17	15	8	12	747 
20	19	15	15	748 
19	14	19	11	749 
18	17	14	16	750 
15	15	11	9	751 
14	21	13	15	752 
14	16	11	15	753 
16	8	4	6	754 
21	21	15	11	755 
13	15	6	10	756 
19	13	10	12	757 
16	15	15	9	758 
9	7	7	7	759 
16	19	5	11	760 
19	16	6	10	761 
16	17	8	11	762 
17	19	20	19	763 
10	8	11	17	764 
12	13	10	16	765 
15	14	14	19	766 
15	15	9	8	767 
14	19	10	16	768 
17	17	11	12	769 
17	18	12	17	770 
6	13	7	16	771 
19	19	9	12	772 
20	21	18	9	773 
17	17	11	17	774 
14	16	9	13	775 
20	11	7	12	776 
11	15	14	18	777 
14	16	9	15	778 
21	17	19	17	779 
16	17	14	14	780 
20	11	12	10	781 
13	8	11	10	782 
18	18	16	12	783 
20	21	14	18	784 
21	21	13	12	785 
12	16	12	16	786 
16	3	9	6	787 
20	19	8	5	788 
19	13	17	12	789 
10	13	8	12	790 
15	20	9	16	791 
17	20	10	16	792 
13	12	13	14	793 
13	17	14	11	794 
13	21	10	15	795 
19	6	17	9	796 
20	19	10	21	797 
17	10	9	9	798 
15	19	10	18	799 
17	21	7	15	800 
21	21	3	9	801 
12	12	9	13	802 
16	10	6	10	803 
19	19	9	18	804 
19	19	11	13	805 
19	10	15	10	806 
18	14	17	16	807 
16	16	12	8	808 
19	21	9	11	809 
16	17	13	17	810 
13	12	11	10	811 
18	14	10	9	812 
19	18	14	9	813 
20	12	18	9	814 
17	15	14	14	815 
9	8	6	8	816 
14	9	10	10	817 
20	17	18	18	818 
20	20	18	18	819 
19	17	14	8	820 
16	21	11	7	821 
18	12	15	14	822 
21	21	8	5	823 
10	15	11	16	824 
20	21	19	21	825 
18	13	9	11	826 
14	11	13	16	827 
14	10	13	9	828 
21	19	12	6	829 
17	17	11	15	830 
14	13	9	11	831 
9	17	10	17	832 
15	17	13	16	833 
21	21	15	16	834 
8	12	13	8	835 
18	13	13	13	836 
19	21	11	17	837 
11	15	18	14	838 
12	14	10	16	839 
15	18	4	12	840 
16	18	7	13	841 
21	20	20	21	842 
15	7	14	9	843 
19	21	3	16	844 
18	20	11	14	845 
21	19	18	21	846 
13	9	15	9	847 
14	6	7	9	848 
17	20	14	6	849 
14	14	10	13	850 
12	18	12	16	851 
20	17	12	18	852 
19	21	16	18	853 
17	19	16	15	854 
19	16	3	11	855 
19	19	11	13	856 
13	18	10	14	857 
15	10	16	5	858 
17	16	13	12	859 
21	21	7	16	860 
18	8	15	9	861 
15	11	16	15	862 
7	8	6	11	863 
17	13	14	12	864 
17	19	16	18	865 
17	19	11	13	866 
12	16	13	15	867 
15	17	11	10	868 
19	13	12	13	869 
18	20	14	14	870 
16	15	6	6	871 
20	19	14	10	872 
19	16	6	6	873 
17	14	6	7	874 
9	17	14	12	875 
14	15	7	10	876 
13	15	17	14	877 
11	15	10	12	878 
12	13	12	7	879 
17	16	12	15	880 
18	20	14	15	881 
17	18	10	12	882 
12	16	10	10	883 
17	13	7	12	884 
21	19	12	7	885 
12	17	12	14	886 
15	14	10	13	887 
15	15	10	13	888 
17	15	13	17	889 
18	13	16	12	890 
18	15	15	11	891 
20	16	17	15	892 
16	17	12	7	893 
19	17	11	17	894 
16	8	13	9	895 
19	21	17	10	896 
19	20	10	16	897 
19	16	13	12	898 
13	12	12	11	899 
16	18	7	13	900 
18	15	6	12	901 
12	12	14	13	902 
18	17	13	11	903 
15	21	15	19	904 
21	21	6	19	905 
18	17	10	13	906 
12	15	9	13	907 
16	21	10	10	908 
13	17	13	12	909 
15	11	11	6	910 
21	21	21	15	911 
20	15	10	10	912 
21	21	10	6	913 
16	13	10	6	914 
16	18	9	10	915 
20	3	15	9	916 
19	14	18	10	917 
14	17	8	8	918 
19	11	18	14	919 
19	7	7	6	920 
11	17	12	12	921 
17	11	11	9	922 
16	15	13	14	923 
12	15	9	9	924 
15	15	9	13	925 
17	11	13	7	926 
15	18	13	18	927 
10	19	15	18	928 
6	3	10	12	929 
16	17	15	13	930 
15	17	15	13	931 
21	16	19	18	932 
16	15	14	14	933 
16	14	5	8	934 
14	10	8	11	935 
20	13	19	15	936 
19	15	15	11	937 
17	18	9	10	938 
11	13	9	18	939 
19	21	11	16	940 
15	18	11	19	941 
14	18	9	12	942 
17	18	9	14	943 
16	18	16	16	944 
14	14	13	16	945 
18	20	17	13	946 
16	17	18	15	947 
20	20	14	14	948 
16	14	17	16	949 
13	16	7	8	950 
13	14	14	12	951 
15	17	12	17	952 
18	16	13	16	953 
18	19	13	13	954 
17	14	11	8	955 
16	15	11	16	956 
15	16	15	17	957 
18	3	12	7	958 
19	16	6	9	959 
13	15	13	12	960 
13	15	16	15	961 
19	20	13	12	962 
15	16	14	16	963 
18	17	16	19	964 
19	6	13	9	965 
17	14	16	17	966 
11	12	13	14	967 
16	13	9	9	968 
19	17	16	13	969 
11	19	13	17	970 
11	11	8	13	971 
13	20	14	17	972 
21	15	3	7	973 
19	5	10	6	974 
18	19	10	7	975 
12	14	13	16	976 
18	18	8	16	977 
19	14	9	8	978 
17	20	13	18	979 
11	18	13	6	980 
11	15	13	7	981 
17	14	17	11	982 
21	17	5	6	983 
15	14	17	12	984 
19	17	5	11	985 
19	14	12	12	986 
15	21	16	15	987 
18	17	13	11	988 
15	15	6	13	989 
13	12	9	14	990 
19	18	17	18	991 
17	20	9	6	992 
12	6	4	9	993 
21	21	3	9	994 
13	8	17	9	995 
11	19	6	11	996 
17	15	10	14	997 
19	18	17	17	998 
12	13	9	12	999 
16	9	16	11	1000 
14	20	10	12	1001 
15	17	10	15	1002 
21	17	17	18	1003 
15	15	11	12	1004 
16	16	13	14	1005 
16	17	14	17	1006 
18	19	10	18	1007 
20	18	12	20	1008 
18	21	11	9	1009 
19	18	16	6	1010 
12	12	12	13	1011 
18	21	6	3	1012 
17	16	12	17	1013 
18	16	12	11	1014 
19	21	13	11	1015 
14	16	15	17	1016 
20	17	15	12	1017 
17	18	15	17	1018 
17	13	17	14	1019 
13	16	15	14	1020 
18	17	11	13	1021 
17	18	17	15	1022 
13	15	4	15	1023 
21	19	20	8	1024 
17	10	13	12	1025 
16	17	12	12	1026 
17	16	10	9	1027 
19	18	17	15	1028 
18	9	6	4	1029 
14	11	10	12	1030 
18	18	18	10	1031 
18	11	9	9	1032 
19	17	14	17	1033 
16	17	12	11	1034 
6	10	12	15	1035 
13	16	12	19	1036 
14	17	10	18	1037 
18	15	15	16	1038 
16	16	20	9	1039 
18	21	14	7	1040 
21	15	13	13	1041 
18	12	14	11	1042 
14	16	12	13	1043 
15	16	10	15	1044 
17	12	11	8	1045 
12	19	17	13	1046 
13	10	10	9	1047 
13	12	3	8	1048 
15	3	13	6	1049 
18	14	15	12	1050 
11	10	6	6	1051 
17	18	13	19	1052 
14	17	12	16	1053 
21	10	10	9	1054 
11	13	10	10	1055 
14	19	14	14	1056 
13	18	8	13	1057 
15	18	14	12	1058 
16	15	13	14	1059 
20	17	8	10	1060 
18	14	16	15	1061 
18	15	17	14	1062 
18	19	14	15	1063 
11	14	12	8	1064 
15	10	6	8	1065 
15	15	8	13	1066 
16	17	9	14	1067 
15	9	6	13	1068 
15	18	12	15	1069 
16	12	12	11	1070 
18	16	12	11	1071 
15	10	15	11	1072 
14	13	15	13	1073 
17	21	16	6	1074 
17	10	12	11	1075 
15	15	14	12	1076 
19	20	9	17	1077 
16	14	9	12	1078 
14	9	11	13	1079 
15	16	9	15	1080 
20	15	18	15	1081 
10	17	10	14	1082 
16	17	16	12	1083 
12	18	9	8	1084 
12	8	7	9	1085 
15	12	15	13	1086 
15	17	13	12	1087 
16	18	9	11	1088 
21	21	16	21	1089 
18	13	5	10	1090 
21	21	8	18	1091 
9	17	9	16	1092 
17	18	11	7	1093 
16	17	16	17	1094 
16	11	10	10	1095 
18	13	6	9	1096 
18	14	10	17	1097 
17	21	5	3	1098 
18	21	10	16	1099 
11	12	11	12	1100 
19	5	17	11	1101 
17	9	17	10	1102 
15	19	12	21	1103 
16	16	15	15	1104 
16	21	4	5	1105 
16	12	16	12	1106 
15	17	13	16	1107 
16	18	18	13	1108 
15	18	8	15	1109 
19	20	18	4	1110 
17	10	11	14	1111 
9	15	9	13	1112 
15	8	9	10	1113 
18	11	15	11	1114 
15	20	11	19	1115 
18	18	18	18	1116 
14	14	13	16	1117 
16	12	16	15	1118 
7	6	8	10	1119 
17	18	12	13	1120 
17	19	8	11	1121 
15	10	9	12	1122 
13	18	11	10	1123 
18	12	11	12	1124 
17	13	11	16	1125 
18	17	7	4	1126 
11	19	11	7	1127 
17	14	8	6	1128 
17	10	10	9	1129 
16	3	14	7	1130 
15	14	13	11	1131 
13	20	7	7	1132 
15	18	12	17	1133 
21	21	21	15	1134 
17	19	7	12	1135 
15	19	12	16	1136 
15	10	3	4	1137 
14	17	6	16	1138 
8	16	9	16	1139 
19	21	7	18	1140 
14	15	10	13	1141 
18	19	13	9	1142 
20	19	3	20	1143 
19	21	12	20	1144 
17	14	11	11	1145 
17	17	8	6	1146 
17	21	15	20	1147 
21	21	19	20	1148 
18	19	12	17	1149 
18	15	9	9	1150 
10	14	3	14	1151 
13	17	11	18	1152 
17	17	13	9	1153 
16	15	17	14	1154 
11	14	12	14	1155 
13	17	9	12	1156 
19	19	6	6	1157 
18	12	5	6	1158 
18	20	8	13	1159 
17	6	8	6	1160 
19	15	10	17	1161 
16	15	12	17	1162 
16	3	12	9	1163 
20	19	19	20	1164 
19	17	18	18	1165 
14	21	9	10	1166 
21	13	6	7	1167 
17	20	16	17	1168 
15	17	9	12	1169 
19	18	15	13	1170 
21	21	9	16	1171 
16	18	11	14	1172 
21	16	12	15	1173 
19	18	14	16	1174 
14	10	9	9	1175 
12	13	13	14	1176 
16	19	10	17	1177 
19	18	6	15	1178 
16	15	14	16	1179 
16	17	16	21	1180 
20	12	12	11	1181 
20	15	15	14	1182 
21	14	21	13	1183 
14	14	15	9	1184 
20	8	17	7	1185 
21	19	13	14	1186 
20	10	6	12	1187 
21	17	19	16	1188 
18	17	21	18	1189 
14	15	13	14	1190 
17	18	13	6	1191 
17	15	15	10	1192 
13	18	9	12	1193 
16	19	14	16	1194 
16	14	9	10	1195 
18	10	7	8	1196 
19	16	6	9	1197 
18	16	12	12	1198 
14	19	9	15	1199 
17	11	16	7	1200 
18	19	10	5	1201 
13	15	11	14	1202 
15	12	13	11	1203 
20	13	11	11	1204 
11	10	10	11	1205 
20	19	7	13	1206 
20	21	20	18	1207 
12	12	7	14	1208 
17	20	14	15	1209 
17	16	13	14	1210 
11	12	7	10	1211 
18	18	10	18	1212 
13	12	11	13	1213 
20	17	19	17	1214 
19	12	21	5	1215 
21	8	6	7	1216 
16	21	12	16	1217 
11	17	13	17	1218 
15	9	6	12	1219 
10	9	7	16	1220 
21	4	18	7	1221 
17	16	13	11	1222 
14	18	8	8	1223 
21	12	13	13	1224 
17	16	13	14	1225 
15	11	11	12	1226 
17	11	12	13	1227 
19	16	18	17	1228 
17	4	5	8	1229 
12	12	12	15	1230 
19	18	15	11	1231 
18	16	15	15	1232 
17	21	13	11	1233 
14	15	11	13	1234 
21	18	13	11	1235 
15	18	10	7	1236 
17	17	11	9	1237 
20	12	20	14	1238 
18	21	8	14	1239 
15	10	12	13	1240 
17	20	17	17	1241 
20	19	16	19	1242 
18	12	13	11	1243 
19	20	16	11	1244 
17	18	14	13	1245 
7	14	12	15	1246 
18	18	10	16	1247 
16	17	14	13	1248 
17	13	11	4	1249 
16	13	14	8	1250 
14	8	5	9	1251 
12	10	6	9	1252 
13	15	5	15	1253 
17	18	14	14	1254 
15	14	13	14	1255 
17	16	12	10	1256 
20	11	17	9	1257 
19	16	17	20	1258 
15	21	21	15	1259 
16	18	21	15	1260 
14	9	16	12	1261 
14	10	10	11	1262 
20	17	12	14	1263 
18	16	10	16	1264 
14	14	8	14	1265 
13	12	10	12	1266 
19	17	13	14	1267 
18	15	11	12	1268 
15	9	12	12	1269 
18	21	13	12	1270 
20	18	14	17	1271 
20	21	7	12	1272 
17	17	9	11	1273 
18	18	13	16	1274 
14	10	9	12	1275 
21	21	8	21	1276 
17	21	5	17	1277 
13	10	11	10	1278 
16	10	12	9	1279 
16	16	12	13	1280 
16	18	7	7	1281 
19	20	7	13	1282 
21	21	21	18	1283 
21	21	10	19	1284 
19	13	10	16	1285 
21	21	20	10	1286 
18	20	9	13	1287 
18	18	18	16	1288 
17	20	12	17	1289 
21	21	17	21	1290 
16	20	10	16	1291 
20	19	3	16	1292 
13	3	9	9	1293 
16	18	21	16	1294 
19	19	8	12	1295 
12	12	17	12	1296 
17	17	21	16	1297 
17	18	8	10	1298 
16	12	17	12	1299 
18	20	6	9	1300 
12	13	16	18	1301 
12	13	13	15	1302 
19	3	17	6	1303 
17	9	12	6	1304 
18	9	13	20	1305 
11	17	9	16	1306 
14	12	6	7	1307 
17	15	12	8	1308 
14	19	13	17	1309 
16	20	15	12	1310 
15	17	12	17	1311 
20	13	17	8	1312 
15	11	9	14	1313 
18	20	11	16	1314 
14	14	14	14	1315 
17	15	10	15	1316 
13	21	11	14	1317 
21	18	3	3	1318 
19	15	5	7	1319 
19	18	10	17	1320 
18	13	7	13	1321 
15	16	7	14	1322 
14	17	8	14	1323 
15	17	9	20	1324 
12	13	13	13	1325 
10	12	8	10	1326 
19	20	15	17	1327 
16	19	15	12	1328 
19	21	12	21	1329 
20	19	9	8	1330 
21	21	16	19	1331 
14	12	10	7	1332 
13	17	7	11	1333 
16	16	9	14	1334 
21	21	3	10	1335 
18	17	15	19	1336 
16	17	20	18	1337 
18	13	3	8	1338 
12	13	9	14	1339 
18	21	11	21	1340 
13	11	11	11	1341 
16	18	17	16	1342 
18	20	7	12	1343 
9	20	8	9	1344 
16	20	15	17	1345 
20	7	21	12	1346 
21	21	21	21	1347 
19	20	18	19	1348 
13	19	10	15	1349 
19	15	12	12	1350 
14	13	14	13	1351 
21	18	18	18	1352 
16	12	16	4	1353 
21	14	16	14	1354 
13	8	11	9	1355 
15	19	9	7	1356 
18	17	15	14	1357 
18	18	15	14	1358 
14	14	9	12	1359 
16	12	12	10	1360 
16	14	13	15	1361 
20	19	5	12	1362 
15	16	9	15	1363 
21	21	18	18	1364 
18	15	9	13	1365 
18	10	9	8	1366 
16	19	11	13	1367 
15	19	17	20	1368 
15	13	7	12	1369 
17	18	12	17	1370 
14	14	9	16	1371 
20	14	7	14	1372 
13	11	8	12	1373 
20	21	20	17	1374 
21	21	5	13	1375 
14	15	13	14	1376 
18	13	6	12	1377 
18	14	9	8	1378 
20	8	9	19	1379 
18	18	16	17	1380 
15	11	8	11	1381 
11	11	8	12	1382 
14	13	14	11	1383 
21	21	21	21	1384 
14	14	12	12	1385 
17	18	11	14	1386 
16	17	9	13	1387 
15	14	11	13	1388 
14	6	12	9	1389 
11	14	8	15	1390 
18	18	6	14	1391 
9	16	6	13	1392 
18	18	17	18	1393 
18	18	15	13	1394 
16	15	15	10	1395 
19	13	13	12	1396 
18	15	15	15	1397 
13	16	16	12	1398 
18	18	17	16	1399 
16	19	10	19	1400 
18	18	12	11	1401 
12	14	8	11	1402 
13	16	6	8	1403 
17	17	12	16	1404 
16	20	9	15	1405 
21	15	14	17	1406 
13	17	16	14	1407 
20	18	14	11	1408 
17	12	13	13	1409 
21	12	15	13	1410 
17	21	17	18	1411 
17	14	7	16	1412 
15	20	11	11	1413 
13	15	14	13	1414 
14	10	12	8	1415 
18	18	13	14	1416 
17	16	17	7	1417 
17	13	12	14	1418 
15	15	14	20	1419 
11	15	5	10	1420 
12	12	13	13	1421 
14	10	12	12	1422 
17	20	14	10	1423 
19	20	9	18	1424 
19	19	10	16	1425 
16	9	11	10	1426 
18	12	9	12	1427 
15	17	8	14	1428 
18	3	14	5	1429 
10	6	12	6	1430 
13	12	14	16	1431 
18	17	9	12	1432 
16	16	4	7	1433 
20	20	9	12	1434 
19	21	8	16	1435 
21	20	12	17	1436 
17	20	12	10	1437 
17	6	10	6	1438 
19	21	7	15	1439 
16	15	14	15	1440 
10	10	10	13	1441 
20	17	6	14	1442 
15	18	15	15	1443 
16	13	14	7	1444 
13	21	13	21	1445 
20	21	6	17	1446 
20	12	11	11	1447 
12	14	7	6	1448 
17	18	10	17	1449 
12	13	7	8	1450 
14	16	9	13	1451 
19	18	10	12	1452 
15	12	16	16	1453 
13	12	5	10	1454 
16	14	10	8	1455 
21	19	15	19	1456 
15	9	9	15	1457 
11	9	8	10	1458 
17	21	13	12	1459 
18	15	14	12	1460 
19	21	3	10	1461 
14	3	12	9	1462 
19	18	16	15	1463 
17	19	15	9	1464 
18	17	10	16	1465 
15	15	12	5	1466 
20	19	21	18	1467 
4	8	8	12	1468 
18	15	13	11	1469 
19	17	15	13	1470 
18	16	13	16	1471 
16	18	11	17	1472 
19	20	9	10	1473 
18	13	7	6	1474 
16	18	16	15	1475 
18	9	13	7	1476 
20	20	3	14	1477 
17	15	10	13	1478 
18	13	14	14	1479 
21	18	14	19	1480 
19	14	14	3	1481 
15	17	9	17	1482 
15	16	13	15	1483 
19	19	17	17	1484 
19	21	17	13	1485 
15	16	8	12	1486 
15	13	15	15	1487 
18	8	13	9	1488 
13	15	15	10	1489 
17	14	9	12	1490 
14	13	15	16	1491 
16	14	16	17	1492 
20	21	6	3	1493 
21	18	9	4	1494 
16	7	9	4	1495 
12	15	16	15	1496 
15	14	10	12	1497 
16	18	11	15	1498 
18	11	7	6	1499 
19	21	11	18	1500 
13	13	9	16	1501 
19	17	20	20	1502 
11	8	16	16	1503 
13	12	10	12	1504 
16	14	11	14	1505 
17	17	10	9	1506 
17	16	16	13	1507 
15	16	12	15	1508 
17	15	12	14	1509 
11	13	13	9	1510 
11	9	12	14	1511 
16	14	6	14	1512 
15	15	6	14	1513 
13	13	8	11	1514 
12	12	9	10	1515 
18	19	10	6	1516 
21	15	9	11	1517 
18	21	17	15	1518 
15	21	9	12	1519 
21	21	17	6	1520 
19	19	14	11	1521 
18	13	5	9	1522 
17	11	16	7	1523 
7	10	6	12	1524 
8	17	12	14	1525 
13	13	12	12	1526 
20	16	10	10	1527 
17	16	8	9	1528 
16	19	9	16	1529 
19	13	16	16	1530 
18	16	10	7	1531 
14	12	11	15	1532 
14	16	11	10	1533 
14	12	15	14	1534 
15	14	17	14	1535 
16	14	15	14	1536 
16	19	15	15	1537 
13	12	8	10	1538 
19	12	11	9	1539 
21	15	14	12	1540 
19	21	17	20	1541 
14	12	13	14	1542 
14	13	11	10	1543 
13	15	18	14	1544 
12	18	7	10	1545 
17	17	7	14	1546 
16	15	15	15	1547 
17	21	6	20	1548 
18	18	13	19	1549 
18	14	3	6	1550 
16	6	14	12	1551 
18	9	11	7	1552 
18	13	14	10	1553 
12	14	11	13	1554 
13	18	12	19	1555 
17	16	9	14	1556 
20	21	9	3	1557 
16	16	6	15	1558 
16	14	12	14	1559 
16	14	14	18	1560 
18	16	14	15	1561 
18	20	15	12	1562 
18	15	12	16	1563 
18	19	3	6	1564 
18	13	7	9	1565 
12	20	16	14	1566 
21	10	14	13	1567 
17	21	13	9	1568 
11	6	9	5	1569 
19	18	11	15	1570 
17	12	9	11	1571 
19	20	7	9	1572 
21	20	15	15	1573 
17	12	10	9	1574 
20	19	11	14	1575 
17	17	10	17	1576 
17	21	5	16	1577 
17	20	16	17	1578 
21	14	15	10	1579 
16	15	9	14	1580 
16	14	13	12	1581 
18	18	18	18	1582 
18	20	6	7	1583 
15	20	12	17	1584 
18	18	9	13	1585 
18	21	13	8	1586 
14	16	12	15	1587 
15	19	13	4	1588 
16	16	4	8	1589 
13	17	16	15	1590 
21	10	21	13	1591 
15	16	13	10	1592 
18	21	9	18	1593 
17	16	13	9	1594 
17	16	9	16	1595 
12	17	14	16	1596 
16	17	12	17	1597 
20	13	17	16	1598 
11	18	10	16	1599 
21	21	15	11	1600 
18	18	7	5	1601 
16	16	18	12	1602 
12	8	7	9	1603 
19	21	5	7	1604 
12	5	7	8	1605 
7	3	7	4	1606 
16	19	16	20	1607 
16	21	16	17	1608 
19	18	14	4	1609 
15	16	9	10	1610 
19	16	15	14	1611 
18	12	15	13	1612 
16	10	9	6	1613 
14	4	8	4	1614 
20	12	15	13	1615 
5	6	6	5	1616 
21	21	19	20	1617 
15	19	12	8	1618 
21	12	15	15	1619 
15	12	13	16	1620 
7	12	15	16	1621 
19	15	12	10	1622 
17	13	13	15	1623 
18	18	14	20	1624 
4	10	16	11	1625 
18	18	15	19	1626 
16	14	13	17	1627 
10	16	11	11	1628 
19	18	18	15	1629 
17	18	3	14	1630 
20	17	19	13	1631 
21	20	8	16	1632 
15	10	10	12	1633 
21	21	7	20	1634 
15	15	11	9	1635 
16	18	13	17	1636 
19	15	21	16	1637 
13	16	14	10	1638 
18	17	8	15	1639 
19	10	4	10	1640 
20	18	12	6	1641 
15	9	15	12	1642 
20	6	11	9	1643 
21	21	21	11	1644 
18	18	18	14	1645 
18	17	17	14	1646 
16	21	9	4	1647 
16	21	19	5	1648 
16	19	19	12	1649 
15	20	16	16	1650 
10	16	7	11	1651 
19	17	5	12	1652 
21	15	21	19	1653 
19	18	7	9	1654 
21	14	12	13	1655 
17	8	16	9	1656 
16	19	9	19	1657 
14	17	9	19	1658 
18	12	12	10	1659 
14	18	12	14	1660 
12	15	7	10	1661 
15	19	11	16	1662 
14	16	11	13	1663 
21	15	16	12	1664 
12	12	11	14	1665 
10	21	12	17	1666 
13	13	10	13	1667 
10	16	10	15	1668 
13	17	12	15	1669 
16	10	15	9	1670 
16	14	10	13	1671 
18	21	4	5	1672 
21	19	18	19	1673 
13	14	12	12	1674 
15	11	7	12	1675 
16	9	10	9	1676 
18	13	13	17	1677 
16	20	13	16	1678 
13	18	12	10	1679 
16	15	13	14	1680 
18	16	6	7	1681 
18	18	14	15	1682 
17	21	16	20	1683 
11	10	7	13	1684 
14	16	8	14	1685 
15	3	17	15	1686 
17	14	8	12	1687 
18	21	21	17	1688 
16	16	12	13	1689 
18	17	14	19	1690 
10	15	7	19	1691 
15	12	13	6	1692 
19	21	10	14	1693 
15	13	12	12	1694 
12	16	15	16	1695 
20	3	12	3	1696 
17	5	19	7	1697 
15	15	15	15	1698 
19	17	16	13	1699 
13	15	6	5	1700 
16	21	6	13	1701 
19	17	15	9	1702 
17	17	14	15	1703 
21	21	17	11	1704 
15	12	14	10	1705 
17	19	12	19	1706 
21	14	21	10	1707 
18	20	14	17	1708 
15	6	8	8	1709 
14	9	11	7	1710 
20	19	12	17	1711 
12	14	11	10	1712 
14	17	18	17	1713 
17	21	14	21	1714 
16	18	8	16	1715 
16	16	14	17	1716 
21	14	16	17	1717 
11	10	9	7	1718 
20	15	12	17	1719 
12	16	10	11	1720 
21	19	8	17	1721 
14	13	12	8	1722 
18	18	12	17	1723 
15	10	15	10	1724 
18	16	7	14	1725 
13	10	12	9	1726 
18	15	14	3	1727 
17	19	9	10	1728 
21	11	4	8	1729 
21	16	10	15	1730 
13	16	15	16	1731 
21	20	12	18	1732 
17	19	18	8	1733 
13	9	9	10	1734 
17	12	12	12	1735 
16	16	6	4	1736 
15	8	6	8	1737 
18	19	16	12	1738 
14	7	15	13	1739 
15	16	12	16	1740 
21	18	7	8	1741 
17	21	21	15	1742 
20	18	7	14	1743 
21	8	10	9	1744 
15	17	10	15	1745 
18	18	15	19	1746 
16	15	16	16	1747 
13	16	11	16	1748 
21	16	9	8	1749 
16	17	19	14	1750 
19	10	10	8	1751 
21	19	4	18	1752 
20	17	18	18	1753 
17	21	4	17	1754 
21	21	4	13	1755 
20	15	15	10	1756 
17	16	14	18	1757 
12	13	12	14	1758 
16	12	16	15	1759 
21	15	16	11	1760 
18	21	7	19	1761 
17	20	15	11	1762 
15	17	14	13	1763 
17	14	10	15	1764 
21	12	7	6	1765 
15	21	20	16	1766 
19	6	21	16	1767 
19	19	15	7	1768 
13	15	8	12	1769 
19	15	16	11	1770 
16	12	14	15	1771 
12	18	14	10	1772 
12	12	7	18	1773 
17	14	12	16	1774 
19	18	11	19	1775 
9	14	11	7	1776 
17	15	11	14	1777 
21	15	6	11	1778 
21	21	20	16	1779 
18	7	8	13	1780 
21	12	13	9	1781 
17	16	16	17	1782 
18	8	5	11	1783 
19	21	8	7	1784 
9	3	12	3	1785 
14	18	12	16	1786 
11	15	9	12	1787 
17	9	13	11	1788 
13	19	12	17	1789 
16	17	14	13	1790 
19	14	8	14	1791 
19	18	14	17	1792 
8	15	14	18	1793 
18	21	9	18	1794 
14	16	10	11	1795 
19	21	17	10	1796 
18	12	16	17	1797 
21	21	11	18	1798 
19	16	10	7	1799 
20	11	10	11	1800 
18	6	10	13	1801 
18	18	18	14	1802 
8	12	7	7	1803 
21	21	9	21	1804 
12	12	8	20	1805 
14	3	10	5	1806 
14	8	11	12	1807 
19	19	15	18	1808 
17	11	13	6	1809 
19	12	7	8	1810 
20	15	16	10	1811 
20	21	10	4	1812 
14	11	6	13	1813 
19	17	11	9	1814 
13	11	9	9	1815 
18	21	13	3	1816 
20	18	11	11	1817 
17	20	16	17	1818 
18	18	14	9	1819 
20	21	15	17	1820 
18	14	13	10	1821 
13	19	14	13	1822 
12	17	16	12	1823 
20	21	10	10	1824 
12	10	10	15	1825 
18	16	10	14	1826 
19	21	9	21	1827 
21	14	7	8	1828 
20	21	5	12	1829 
7	17	11	10	1830 
15	12	10	13	1831 
18	16	14	14	1832 
20	19	18	10	1833 
19	16	6	11	1834 
19	17	13	20	1835 
18	10	15	12	1836 
21	10	12	12	1837 
15	13	14	6	1838 
11	19	8	9	1839 
15	15	16	19	1840 
21	21	9	20	1841 
16	14	15	16	1842 
21	17	21	18	1843 
20	20	14	17	1844 
19	15	11	16	1845 
16	19	13	18	1846 
21	16	11	13	1847 
20	15	8	13	1848 
18	19	16	12	1849 
16	13	16	13	1850 
18	11	13	11	1851 
15	12	13	12	1852 
19	21	8	15	1853 
21	21	15	5	1854 
13	15	9	18	1855 
15	13	18	17	1856 
17	18	13	17	1857 
17	16	9	18	1858 
19	13	15	10	1859 
20	14	10	14	1860 
14	15	7	8	1861 
14	13	12	13	1862 
21	19	17	8	1863 
21	15	3	6	1864 
21	20	11	18	1865 
15	17	14	13	1866 
19	18	13	6	1867 
17	16	12	11	1868 
