2000011	0	32	53.3333333333333
2000051	0	36	47
2000091	0	4	39
2000101	1	44	49
2000121	1	6	17
2000141	1	3	34
2000151	0	4	42
2000191	1	12	49
2000201	1	44	52
2000221	1	7	44
2000231	1	14	48
2000241	0	5	43.3333333333333
2000261	1	6	46
2000291	1	11	46
2000301	0	38	52
2000321	0	12	44
2000361	0	15	47.3333333333333
2000371	0	7	44
2000411	0	4	41.3333333333333
2000481	1	12	47
2000491	1	44	21
2000511	0	38	50
2000541	0	33	42.6666666666667
2000551	1	30	18.6666666666667
2000621	0	8	47
2000641	1	15	49
2000651	1	29	19
2000661	0	29	46.3333333333333
2000751	0	27	19
2000831	1	42	20
2000861	0	5	14
2000911	0	11	44
2000951	1	38	21.3333333333333
2001011	0	9	46
2001031	0	8	46
2001051	0	6	41
2001071	1	6	16
2001091	1	41	51
2001131	0	6	44.3333333333333
2001151	1	9	19
2001221	0	8	44
2001281	1	7	42.6666666666667
2001301	1	4	42
2001311	1	16	48
2001421	0	6	42
2001491	1	46	21
2001501	0	11	18
2001511	0	11	44.6666666666667
2001531	1	13	48
2001541	0	5	36
2001561	1	7	17
2001601	0	4	42
2001621	0	19	44
2001731	0	9	48.3333333333333
2001741	0	21	49
2001751	0	7	17
2001761	1	43	49
2001811	0	13	51
2001821	0	13	49.3333333333333
2001831	1	15	46.3333333333333
2001841	1	4	41
2001871	0	46	52
2001901	1	5	42
2001911	1	21	45
2001971	1	12	18.3333333333333
2002021	0	4	42
2002061	1	19	19.6666666666667
2002081	1	4	37
2002091	0	12	47
2002141	1	39	52
2002151	1	13	48
2002161	1	10	44
2002171	1	11	49.3333333333333
2002191	0	23	47.3333333333333
2002241	0	39	19.3333333333333
2002281	0	6	17
2002311	1	3	40
2002351	1	6	46.6666666666667
2002371	0	39	20
2002401	0	4	42
2002431	0	6	44
2002441	1	5	44
2002461	0	16	46
2002491	0	35	47
2002521	1	11	47.6666666666667
2002561	1	11	17
2002621	0	7	44.3333333333333
2002671	1	38	50
2002691	1	42	20.6666666666667
2002711	1	7	43
2002721	0	9	44
2002751	0	45	54
2002791	1	14	47
2002801	1	19	47
2002851	1	3	41.3333333333333
2002861	1	7	18
2002871	1	33	50
2002881	1	45	52
2002891	0	5	42
2002901	1	26	51.6666666666667
2002911	1	17	50.6666666666667
2002921	1	12	44.6666666666667
2002931	1	25	48.3333333333333
2002941	0	7	44
2003001	0	32	49.6666666666667
2003011	0	13	19
2003031	0	6	42.6666666666667
2003041	1	47	52
2003061	1	45	49
2003071	1	14	19
2003091	0	3	16
2003101	0	7	45
2003131	1	10	33
2003151	1	11	44
2003191	1	31	46.6666666666667
2003241	1	11	48
2003261	0	10	45.3333333333333
2003301	0	5	41
2003341	1	14	14
2003351	1	7	47
2003371	1	3	42
2003381	0	6	18
2003391	0	7	16.3333333333333
2003431	1	5	46
2003451	0	2	38
2003471	0	13	50
2003491	1	39	50
2003511	0	6	42.3333333333333
2003521	0	11	48
2003571	0	36	50
2003601	1	4	43.3333333333333
2003611	0	37	35
2003681	1	2	39
2003731	0	30	44
2003741	1	3	38.3333333333333
2003771	0	3	42
2003791	1	38	20
2003821	0	8	42
2003851	0	9	46
2003861	1	14	48
2003921	1	6	46.3333333333333
2003941	0	7	17.6666666666667
2003991	1	8	43
2004021	1	11	10
2004081	0	6	42
2004101	0	16	46.3333333333333
2004151	1	4	41.3333333333333
2004181	1	20	49.6666666666667
2004251	1	3	41.3333333333333
2004261	1	13	18.6666666666667
2004281	0	14	41.6666666666667
2004331	0	11	45.3333333333333
2004361	0	8	44
2004421	0	12	43
2004471	0	19	46.3333333333333
2004481	1	9	18
2004521	1	5	46.6666666666667
2004561	0	41	40
2004571	0	34	52
2004581	1	40	49
2004601	0	38	20
2004611	1	15	47
2004621	0	37	19.6666666666667
2004641	1	15	46
2004681	0	10	46.3333333333333
2004721	1	3	42
2004731	0	28	48
2004751	0	13	46.3333333333333
2004781	1	11	41
2004841	0	5	41
2004851	0	22	47.3333333333333
2004891	0	8	44.3333333333333
2004901	0	30	48
2004911	1	4	42.3333333333333
2004981	0	45	51
2004991	0	8	46
2005021	1	16	46
2005041	1	12	44.3333333333333
2005071	1	20	50
2005151	1	41	48.6666666666667
2005171	0	10	19
2005181	1	9	47
2005191	0	11	46
2005301	0	28	51.6666666666667
2005311	1	7	42.6666666666667
2005341	1	14	19
2005351	0	10	43
2005381	0	15	48
2005451	0	8	18.3333333333333
2005511	0	14	44
2005521	0	6	44
2005561	1	6	18
2005571	1	11	47
2005651	0	18	46.3333333333333
2005761	0	15	50
2005781	0	23	21.6666666666667
2005791	1	7	15.6666666666667
2005901	0	3	38
2005911	1	7	47
2005941	1	8	47
2005991	0	29	51
2006011	1	4	43
2006061	0	27	48
2006071	1	4	42.5
2006081	1	37	12.6666666666667
2006101	0	44	52.3333333333333
2006111	0	16	44.6666666666667
2006141	0	14	45
2006161	0	10	46.3333333333333
2006201	0	16	51
2006241	0	7	45.3333333333333
2006281	0	46	48
2006321	0	32	49.3333333333333
2006421	1	5	41
2006451	0	10	18
2006471	1	21	41
2006501	0	24	18.6666666666667
2006511	1	40	50
2006561	0	3	15
2006641	0	20	19.3333333333333
2006651	0	4	41
2006731	1	38	20
2006741	1	2	41
2006761	1	17	49.3333333333333
2006781	1	34	50.3333333333333
2006791	0	10	17.3333333333333
2006851	0	3	16.6666666666667
2006871	1	13	47
2006891	1	20	49
2006911	1	5	43.6666666666667
2006931	0	3	42
2006941	1	12	45.6666666666667
2006961	0	33	47.3333333333333
2006971	0	5	16
2006991	0	28	20
2007011	1	5	42
2007021	1	5	36.6666666666667
2007081	0	7	45.6666666666667
2007111	1	3	41.3333333333333
2007121	1	11	18
2007181	1	10	29.3333333333333
2007211	0	4	37.3333333333333
2007231	0	5	16
2007241	0	9	43
2007251	1	3	16
2007271	0	47	52
2007301	0	10	16
2007311	1	15	29
2007351	0	11	45.6666666666667
2007401	0	7	44
2007431	0	23	17
2007441	0	16	51
2007451	1	4	36
2007511	1	44	48
2007521	1	25	20
2007621	0	14	44
2007641	1	7	45.6666666666667
2007651	0	6	42
2007681	1	18	48
2007711	0	7	41.6666666666667
2007741	1	18	47
2007761	1	20	49.3333333333333
2007781	1	14	46.6666666666667
2007791	0	35	49.3333333333333
2007831	0	9	44.3333333333333
2007851	0	12	44.6666666666667
2007871	1	44	20
2007891	1	46	19.6666666666667
2007901	1	8	17
2007921	1	5	41.3333333333333
2007941	1	45	49
2007951	0	22	19
2008031	1	6	43
2008091	0	3	42
2008111	1	15	19
2008131	0	13	45
2008141	0	20	49
2008161	0	15	46
2008171	1	4	16.3333333333333
2008181	0	29	50.3333333333333
2008191	0	45	45.6666666666667
2008201	1	4	41.3333333333333
2008271	0	8	43
2008301	1	29	52
2008331	1	12	48.6666666666667
2008341	0	12	46
2008361	1	3	42
2008381	1	10	47
2008421	0	3	38.6666666666667
2008431	1	15	18.6666666666667
2008491	1	5	41
2008541	0	9	44.6666666666667
2008561	0	30	47
2008571	0	15	49
2008581	0	38	48
2008651	1	13	49
2008661	0	4	42
2008691	0	43	22.3333333333333
2008731	1	12	46.6666666666667
2008751	1	7	47.3333333333333
2008771	1	7	17
2008781	0	47	20.3333333333333
2008801	1	24	20
2008821	1	5	16
2008831	1	23	47.6666666666667
2008871	1	17	19
2008901	1	7	17
2008921	1	10	48
2008931	1	5	43
2008941	0	27	51
2008951	1	5	41
2008971	1	13	19
2009001	0	14	44.3333333333333
2009011	0	44	52
2009051	1	16	47
2009071	1	9	46
2009091	1	18	49
2009101	0	6	44
2009121	1	16	18
2009131	0	26	19
2009181	1	14	48
2009191	0	35	47
2009201	0	4	41.6666666666667
2009211	0	7	40
2009221	0	6	43
2009261	0	5	16.6666666666667
2009281	1	13	44
2009291	1	4	46
2009331	1	33	12.3333333333333
2009341	1	15	46.6666666666667
2009391	1	4	40
2009441	1	8	44
2009461	1	9	11
2009471	1	4	16
2009481	1	30	50.6666666666667
2009491	1	16	47.3333333333333
2009511	1	2	15.3333333333333
2009521	1	10	46
2009541	1	16	50
2009571	1	14	48
2009581	0	12	47
2009591	0	40	49.6666666666667
2009611	0	10	18
2009621	1	6	40.6666666666667
2009671	1	7	45.6666666666667
2009681	0	42	53
2009711	1	5	43
2009721	0	31	19
2009751	1	14	47
2009781	1	13	47
2009831	0	4	16
2009851	0	2	39
2009871	1	5	44.6666666666667
2009881	1	6	18.6666666666667
2009941	1	22	47
2009951	1	6	44.3333333333333
2009981	1	5	18
2010011	1	5	44
2010021	1	13	50.3333333333333
2010061	0	44	49
2010161	1	5	17
2010191	0	2	13.3333333333333
2010261	1	13	49
2010281	0	4	44.6666666666667
2010291	1	35	49.3333333333333
2010311	0	6	44.6666666666667
2010351	1	13	46
2010371	1	4	42.6666666666667
2010411	1	4	16.3333333333333
2010431	1	46	19
2010441	1	11	18
2010491	1	3	16
2010551	0	5	40.3333333333333
2010591	1	14	19.6666666666667
2010601	0	4	42
2010611	0	2	39
2010631	1	4	43.6666666666667
2010671	1	32	53
2010691	1	38	48
2010731	1	13	49.6666666666667
2010741	1	24	17
2010761	1	12	48
2010781	1	21	52.3333333333333
2010791	0	8	43
2010831	0	6	44
2010841	1	7	44.3333333333333
2010851	0	18	47.3333333333333
2010881	0	5	26.3333333333333
2010891	0	15	46
2010901	1	17	48
2010981	1	14	48.6666666666667
2011001	1	6	42
2011041	1	9	41
2011071	1	6	46.6666666666667
2011081	1	38	50
2011111	1	30	48
2011161	0	8	42.6666666666667
2011171	1	42	51
2011201	0	36	49
2011291	1	5	44.6666666666667
2011301	0	5	42
2011321	1	4	34
2011351	0	20	49
2011361	1	7	16.3333333333333
2011381	1	10	46.6666666666667
2011401	0	38	19
2011431	0	32	49
2011461	1	25	50
2011471	0	5	16
2011481	0	6	48
2011491	0	30	46
2011521	1	3	42.3333333333333
2011531	1	10	16.6666666666667
2011541	0	4	43
2011551	1	30	50.6666666666667
2011601	0	4	40.6666666666667
2011661	0	16	45
2011681	1	14	46.6666666666667
2011701	1	3	46.3333333333333
2011731	1	9	46
2011751	0	13	46
2011771	1	13	19
2011781	1	11	48.6666666666667
2011791	1	29	46.6666666666667
2011821	0	40	38
2011841	1	6	42
2011851	0	44	54.6666666666667
2011881	1	5	42
2011991	1	2	43
2012031	0	7	44
2012041	1	2	40
2012051	1	26	48.3333333333333
2012101	0	3	34
2012111	0	9	43
2012121	1	28	20
2012141	0	4	46
2012151	0	6	42
2012161	1	5	42
2012181	1	8	44
2012261	0	9	46.6666666666667
2012291	0	18	22
2012301	0	20	48
2012311	1	33	19.6666666666667
2012351	0	27	50
2012391	0	5	45
2012421	1	3	16.3333333333333
2012441	1	18	19.6666666666667
2012451	0	6	18
2012491	1	45	51
2012501	1	6	44
2012511	0	8	40.6666666666667
2012521	0	44	53.6666666666667
2012541	1	10	46.6666666666667
2012621	0	2	41
2012631	0	11	46
2012651	0	6	37
2012661	0	9	17.3333333333333
2012731	0	26	47
2012741	0	15	46
2012811	1	10	46.6666666666667
2012821	1	14	46
2012841	1	2	16
2012861	0	43	20
2012921	1	3	41
2012941	0	15	47
2012951	0	9	44
2012961	1	22	48.3333333333333
2013011	1	18	51
2013021	0	4	40
2013031	1	7	46
2013071	1	5	41
2013101	0	12	45
2013111	1	7	42.6666666666667
2013131	1	11	47.6666666666667
2013181	0	17	50.3333333333333
2013221	0	5	42
2013261	0	13	46.3333333333333
2013271	0	35	49.6666666666667
2013331	1	32	19
2013411	0	14	46.3333333333333
2013431	0	20	47.3333333333333
2013461	0	5	40
2013471	1	5	42
2013481	1	13	44
2013491	0	30	47.6666666666667
2013511	0	5	15.6666666666667
2013521	0	12	47
2013531	1	5	45
2013551	0	18	19
2013581	1	13	19
2013601	1	4	40.6666666666667
2013661	1	26	23.3333333333333
2013701	0	21	45.3333333333333
2013721	0	36	49
2013741	0	13	22.6666666666667
2013821	1	17	46.3333333333333
2013841	0	7	18
2013881	1	7	45
2013961	0	34	19
2013971	1	22	50.6666666666667
2013981	0	21	48.6666666666667
2013991	0	24	51
2014021	0	7	46
2014041	0	7	43
2014061	0	14	45.3333333333333
2014151	1	13	18
2014261	1	22	49
2014271	0	3	39
2014281	1	3	42.3333333333333
2014291	0	5	15
2014301	1	3	44
2014311	1	47	51.3333333333333
2014321	0	44	49
2014331	1	5	28
2014341	0	10	45.3333333333333
2014431	1	5	44.3333333333333
2014451	0	46	19
2014461	1	37	49
2014471	0	47	51.6666666666667
2014501	1	6	17
2014511	1	5	45
2014521	1	43	51
2014581	1	6	43
2014611	1	20	47
2014681	1	19	51.6666666666667
2014691	1	32	20
2014701	0	3	39.3333333333333
2014711	0	37	21
2014761	1	8	18
2014771	0	17	46
2014781	1	7	44
2014801	0	32	50
2014881	1	8	48.3333333333333
2014901	1	17	17.3333333333333
2014961	1	44	54
2014971	0	10	23.6666666666667
2014981	0	18	18
2015011	0	45	50
2015021	1	42	21.3333333333333
2015051	1	3	40.3333333333333
2015061	1	4	42.6666666666667
2015101	0	5	41.3333333333333
2015121	1	9	46
2015131	0	6	44
2015141	0	27	19
2015181	1	9	44
2015191	0	10	40
2015221	1	38	51
2015241	1	9	46
2015261	1	30	51
2015271	0	5	17
2015281	1	4	40.6666666666667
2015341	0	2	37
2015361	0	5	44
2015381	1	12	50
2015461	1	6	45
2015491	0	6	42
2015511	0	3	16
2015521	1	23	44.6666666666667
2015581	1	13	17
2015601	1	2	38.6666666666667
2015611	1	9	45
2015641	0	4	42
2015651	1	16	47.6666666666667
2015671	1	6	47.6666666666667
2015681	1	7	44.6666666666667
2015721	1	12	47.3333333333333
2015731	1	36	51
2015751	1	7	45
2015761	0	31	50.3333333333333
2015791	0	18	48.6666666666667
2015841	1	10	44.6666666666667
2015861	0	4	43
2015891	0	11	46.5
2015901	0	14	46.6666666666667
2015911	1	12	49.6666666666667
2015961	0	27	18
2015991	1	2	16
2016011	1	3	40
2016021	0	13	39
2016031	1	45	49.6666666666667
2016111	0	7	43.3333333333333
2016161	0	3	40
2016221	1	5	44
2016231	1	3	42.3333333333333
2016241	1	16	47
2016271	0	40	48
2016311	1	9	45
2016381	1	13	46.3333333333333
2016401	0	3	39
2016451	1	41	20
2016471	1	44	50
2016501	0	4	17
2016511	1	14	48
2016521	1	14	47
2016591	0	4	16
2016621	1	6	43.3333333333333
2016671	1	8	47
2016691	0	23	47
2016711	1	41	50
2016761	0	26	50.3333333333333
2016771	1	8	47
2016791	1	20	20
2016821	0	41	20
2016831	1	46	19.6666666666667
2016871	0	3	38.6666666666667
2016891	1	12	47
2016901	1	7	41
2016911	0	10	45
2016941	0	14	47
2016961	1	17	21.6666666666667
2017001	1	15	46
2017061	1	17	47
2017071	1	5	42
2017111	1	28	48.6666666666667
2017141	0	11	45.6666666666667
2017171	0	5	42
2017181	1	40	51.3333333333333
2017221	0	4	41.6666666666667
2017231	1	16	47.3333333333333
2017241	0	47	51
2017251	0	16	47.3333333333333
2017271	1	11	48
2017311	0	13	46
2017321	1	4	17
2017331	1	13	46
2017341	0	3	16.6666666666667
2017351	0	27	49
2017361	0	8	41
2017371	1	11	48
2017401	1	40	52
2017431	0	19	45.6666666666667
2017501	1	6	41.6666666666667
2017511	1	21	20.3333333333333
2017561	1	4	43
2017601	0	14	51.3333333333333
2017611	1	11	50.3333333333333
2017651	0	11	47
2017681	1	31	49
2017691	1	31	20
2017701	1	10	47
2017731	1	12	47.5
2017741	1	14	19
2017761	1	30	53
2017791	1	45	52
2017821	0	13	42
2017901	0	27	19.6666666666667
2017921	1	11	18.3333333333333
2017941	0	8	46
2017961	0	7	43
2017991	0	4	38
2018001	0	22	48
2018021	0	5	16
2018091	0	28	47.6666666666667
2018121	1	46	51
2018141	0	22	47.3333333333333
2018161	0	14	45
2018181	1	17	20
2018191	1	6	45
2018201	1	16	47
2018211	1	5	43
2018221	0	4	16
2018231	1	15	46.6666666666667
2018271	0	3	40
2018341	1	39	48.3333333333333
2018381	1	23	51
2018501	1	29	51
2018541	0	6	15
2018561	1	10	46
2018581	0	28	26.3333333333333
2018591	0	4	44.3333333333333
2018621	1	31	52
2018631	1	18	19.6666666666667
2018651	0	33	49
2018661	0	5	42.3333333333333
2018671	1	38	48.3333333333333
2018681	0	42	51
2018711	0	9	46
2018761	0	8	42
2018821	0	3	16.6666666666667
2018891	1	3	19
2018901	0	5	43
2018911	1	11	47.6666666666667
2018931	1	13	45
2018951	1	4	44.3333333333333
2018971	1	36	21
2019001	0	15	17.6666666666667
2019021	0	14	44
2019111	1	10	47.3333333333333
2019121	0	9	43
2019141	1	8	44
2019161	0	34	50.6666666666667
2019171	0	12	45
2019181	0	47	21
2019211	0	46	51
2019291	0	5	41
2019301	0	18	48
2019341	0	37	51
2019351	1	9	45.6666666666667
2019371	1	11	44
2019401	0	4	39.3333333333333
2019411	0	5	43
2019461	0	34	20.3333333333333
2019481	1	11	47.3333333333333
2019491	1	12	49
2019501	0	15	19.6666666666667
2019511	1	14	49.6666666666667
2019531	1	9	46
2019551	1	12	46.3333333333333
2019591	0	12	30
2019651	1	12	19.3333333333333
2019661	1	18	19
2019671	1	6	43.5
2019681	0	44	50
2019691	0	37	54
2019701	1	46	48
2019721	1	6	18
2019751	0	10	44
2019771	1	8	49
2019791	0	6	45.6666666666667
2019861	1	5	43.3333333333333
2019941	0	7	44
2019961	0	30	48
2019971	0	27	51
2019991	1	7	18
2020001	0	13	46
2020051	0	3	42.5
2020071	0	21	46
2020081	1	14	48.6666666666667
2020121	1	17	49
2020131	0	4	43.6666666666667
2020161	0	33	51.3333333333333
2020171	0	7	43.6666666666667
2020181	0	4	16.6666666666667
2020201	1	13	51
2020261	0	6	41
2020271	1	19	48
2020291	0	4	42
2020301	1	36	51
2020381	1	8	10
2020431	0	33	46.6666666666667
2020451	1	9	5
2020461	1	2	45
2020491	1	3	38
2020511	0	8	44.3333333333333
2020521	0	7	44.6666666666667
2020541	1	35	20
2020551	1	8	48
2020611	0	4	16
2020631	1	8	11.6666666666667
2020641	1	11	42
2020681	0	20	49.5
2020691	1	22	20
2020741	1	41	49
2020771	0	39	19.6666666666667
2020781	0	7	43
2020791	1	7	49
2020851	0	15	49
2020861	0	5	41.3333333333333
2020871	0	5	16.3333333333333
2020881	0	35	44.3333333333333
2020901	1	38	20.6666666666667
2020921	0	3	44.6666666666667
2020971	0	24	45.3333333333333
2020991	0	12	46
2021041	0	23	48
2021071	0	31	48
2021101	1	9	44
2021151	0	12	45
2021191	1	17	19.6666666666667
2021251	0	7	17
2021331	1	30	49.6666666666667
2021371	1	6	17.3333333333333
2021481	1	36	51
2021491	1	22	49
2021501	1	10	45
2021511	1	42	19
2021521	1	12	48
2021561	1	18	18.6666666666667
2021571	1	15	43
2021591	1	9	48
2021601	0	7	45
2021631	0	16	17.3333333333333
2021641	1	5	16
2021661	0	9	44
2021671	0	19	49
2021681	1	13	50
2021751	1	8	22.6666666666667
2021761	0	3	16
2021771	0	34	20.3333333333333
2021801	1	21	47.6666666666667
2021821	1	13	18
2021871	0	11	45.6666666666667
2021931	0	8	18
2021981	1	12	45.3333333333333
2022001	0	7	43
2022011	1	46	20.6666666666667
2022021	1	13	19
2022031	0	42	49
2022081	1	15	18
2022131	1	4	42.6666666666667
2022141	1	6	44.6666666666667
2022151	1	17	19
2022171	0	6	17
2022191	0	8	43.6666666666667
2022201	1	14	50
2022241	0	7	46.6666666666667
2022261	0	6	23
2022271	1	16	47
2022281	1	16	43
2022291	0	5	44
2022301	1	6	45.3333333333333
2022361	0	16	17
2022391	1	10	48
2022441	0	35	50
2022511	0	2	40.3333333333333
2022531	0	10	18
2022571	1	43	21
2022581	0	19	49
2022611	1	25	49
2022621	1	8	44
2022631	0	24	51.3333333333333
2022661	0	14	17.6666666666667
2022681	0	11	18
2022691	0	20	47
2022761	1	15	18
2022781	1	14	18
2022791	0	9	45.6666666666667
2022811	1	9	41.6666666666667
2022831	0	12	20
2022841	1	8	45
2022871	0	41	52.3333333333333
2022911	0	25	19.3333333333333
2022971	1	25	49
2022991	1	42	53
2023011	1	25	46
2023021	0	3	42.3333333333333
2023051	0	11	47
2023071	1	30	50
2023081	0	29	48
2023101	1	22	53
2023211	1	10	47
2023221	1	44	47
2023231	0	7	45.6666666666667
2023241	0	19	20.6666666666667
2023271	1	23	50
2023291	0	4	40.3333333333333
2023311	1	15	19.3333333333333
2023331	1	3	40
2023341	0	6	42
2023351	0	24	48
2023381	1	8	18
2023401	0	15	19
2023411	1	15	18
2023431	0	9	17
2023481	0	2	15
2023561	1	11	18
2023601	0	21	45
2023611	0	4	43
2023621	1	6	17.3333333333333
2023651	1	27	48
2023681	0	42	51.3333333333333
2023701	0	7	42
2023711	0	9	44
2023761	0	25	49
2023791	1	45	51.6666666666667
2023821	1	3	39
2023831	0	12	46
2023851	0	5	18
2023861	0	19	18
2023881	1	18	47
2023891	1	9	46.6666666666667
2023931	1	45	50.6666666666667
2024001	0	18	48
2024011	1	13	45
2024021	1	11	50
2024031	1	21	48
2024061	0	2	17
2024081	0	46	48
2024121	1	46	48.5
2024131	0	6	43.3333333333333
2024151	0	14	44.6666666666667
2024211	1	22	46
2024221	1	8	18
2024241	1	30	21
2024251	1	5	45
2024271	1	5	43
2024321	0	8	45
2024371	0	7	16.6666666666667
2024411	1	11	21.3333333333333
2024461	1	31	50
2024471	1	8	47
2024521	1	10	46
2024531	1	11	48.3333333333333
2024541	0	25	47.3333333333333
2024561	0	13	47
2024581	0	17	46
2024591	1	41	50
2024611	0	8	18
2024641	0	3	39.3333333333333
2024651	1	39	49
2024661	0	18	47
2024671	0	18	19
2024691	0	30	49
2024701	1	5	44.3333333333333
2024731	0	9	45
2024761	0	34	49
2024811	1	13	19
2024861	0	4	40.6666666666667
2024881	1	42	48
2024901	1	4	39
2024931	0	43	54
2024941	1	6	44.3333333333333
2024951	1	3	16.3333333333333
2024961	0	8	39
2024971	0	15	47
2024981	1	36	50
2025001	1	11	46.3333333333333
2025011	0	21	5
2025031	1	25	19
2025051	0	7	17
2025101	1	4	11.3333333333333
2025121	0	10	42
2025131	1	6	40
2025201	0	12	49.3333333333333
2025211	1	32	51
2025221	1	5	16.3333333333333
2025251	0	13	45.6666666666667
2025261	0	10	45.6666666666667
2025271	1	20	49
2025301	1	46	49
2025331	0	5	17
2025361	1	12	49.6666666666667
2025381	0	5	17
2025421	1	14	47
2025431	0	20	50
2025441	1	6	42
2025461	1	38	47
2025471	0	4	41
2025531	1	22	44
2025541	0	10	18
2025561	1	12	32
2025571	1	17	20
2025611	1	6	43
2025631	1	34	50.6666666666667
2025661	1	38	51.6666666666667
2025681	1	3	38
2025731	0	9	44
2025771	1	11	17
2025791	1	10	45
2025801	1	41	50
2025811	1	6	45
2025841	0	3	38.6666666666667
2025851	0	5	41.3333333333333
2025881	1	3	25
2025911	1	4	42
2025921	0	25	50
2025931	1	15	48
2025991	1	2	16
2026051	1	6	45
2026071	0	35	49.6666666666667
2026081	1	18	19.6666666666667
2026111	1	25	20.6666666666667
2026121	0	2	19.3333333333333
2026151	1	10	46.6666666666667
2026171	1	47	51
2026191	1	13	32.6666666666667
2026241	0	22	19.3333333333333
2026261	1	30	52
2026291	1	9	44
2026331	1	37	49
2026341	1	5	43
2026371	0	9	44
2026401	0	6	16
2026441	1	35	21
2026461	0	4	41.3333333333333
2026501	0	4	38.3333333333333
2026511	0	37	48.3333333333333
2026521	0	4	41
2026531	1	20	46
2026561	0	11	47
2026581	1	11	45
2026601	0	11	45
2026631	0	24	47
2026641	0	5	42
2026651	1	8	45.3333333333333
2026671	0	8	44
2026691	0	8	18
2026721	0	35	21.3333333333333
2026791	0	3	40
2026861	0	44	51
2026901	0	14	44.3333333333333
2026911	1	38	51
2026951	1	11	47
2026961	1	13	19
2026981	0	14	44
2027011	1	11	48.3333333333333
2027041	1	36	50.6666666666667
2027051	0	24	17.6666666666667
2027091	0	25	49
2027101	0	15	18.6666666666667
2027151	1	13	48
2027221	0	7	42
2027241	0	32	18.3333333333333
2027251	1	8	47
2027301	0	42	45.3333333333333
2027331	1	24	17.6666666666667
2027341	1	11	50
2027371	1	41	48.6666666666667
2027381	0	2	39
2027411	1	44	50
2027421	1	39	50
2027461	0	27	20
2027471	1	4	43
2027511	0	8	44
2027531	1	11	44
2027541	1	10	49
2027551	1	7	17
2027561	0	6	43.6666666666667
2027601	1	10	48.3333333333333
2027611	0	32	53.6666666666667
2027651	1	5	43
2027671	0	3	40
2027701	0	5	42.3333333333333
2027711	1	4	42
2027731	0	17	48.3333333333333
2027751	1	17	20.6666666666667
2027811	1	29	39
2027841	1	14	47
2027851	1	5	18
2027871	1	15	19.3333333333333
2027901	1	22	18.6666666666667
2027921	1	37	52.3333333333333
2027931	0	3	40
2027941	0	4	42
2027961	1	29	50
2027971	1	30	50
2028031	0	14	47
2028161	1	46	51
2028191	1	18	47.6666666666667
2028241	0	7	42
2028251	1	15	46.6666666666667
2028271	1	15	46
2028281	0	20	46
2028301	0	33	50
2028311	0	32	19
2028331	0	15	48
2028411	0	14	49
2028421	0	3	36.6666666666667
2028461	1	3	41.3333333333333
2028501	1	10	46.6666666666667
2028521	1	5	46
2028561	0	5	44
2028671	0	38	19
2028691	1	46	52.6666666666667
2028701	1	13	48.6666666666667
2028721	0	12	17
2028731	1	27	48
2028751	0	41	52
2028771	1	7	44
2028781	0	12	17.6666666666667
2028801	1	17	48.3333333333333
2028851	0	28	47
2028861	1	5	29
2028901	0	8	41
2028911	0	27	18.6666666666667
2028931	0	20	47.3333333333333
2028951	1	6	43
2028971	0	19	19
2029031	0	31	47.6666666666667
2029041	0	9	43
2029061	1	23	48
2029071	0	40	48
2029091	1	7	44.3333333333333
2029181	1	42	50.3333333333333
2029211	1	12	44
2029231	1	7	44
2029251	1	17	20
2029301	1	47	21
2029331	1	11	48
2029371	0	8	44.6666666666667
2029381	1	8	45.3333333333333
2029391	1	8	46
2029411	0	41	52.3333333333333
2029431	1	5	43
2029481	1	42	20.3333333333333
2029501	1	32	18
2029511	1	33	51
2029521	0	14	47
2029541	1	13	48
2029571	1	28	51
2029611	0	7	44
2029621	0	8	44.6666666666667
2029631	0	10	44.3333333333333
2029641	0	5	12
2029661	1	6	43.6666666666667
2029701	1	16	44
2029711	0	14	44.3333333333333
2029751	1	42	20
2029771	0	23	47
2029801	0	14	48
2029831	1	26	51
2029841	1	22	52
2029851	1	5	28.6666666666667
2029861	1	4	44.6666666666667
2029871	0	47	21
2029921	0	5	16
2029931	0	43	50.3333333333333
2029941	0	8	16
2029961	1	6	17
2029981	1	9	45.3333333333333
2029991	1	2	40
2030001	1	15	44.6666666666667
2030011	1	5	17
2030031	1	5	43.3333333333333
2030041	0	9	19
2030081	0	6	39.6666666666667
2030111	0	40	50
2030141	1	2	16
2030161	1	3	42
2030181	0	33	19
2030281	1	3	41
2030291	1	9	18
2030311	0	43	19
2030321	1	7	44
2030341	0	13	47
2030391	0	10	45
2030401	0	8	47
2030431	1	3	43
2030441	0	38	19.3333333333333
2030481	0	5	42.6666666666667
2030501	1	38	52
2030511	1	8	47.6666666666667
2030561	0	14	45.3333333333333
2030581	1	8	45.6666666666667
2030611	1	8	45
2030631	0	19	47.3333333333333
2030641	0	5	40
2030671	0	7	41.6666666666667
2030731	1	18	17
2030761	1	4	15
2030781	0	23	48.6666666666667
2030791	1	4	42
2030831	1	13	49
2030891	0	33	49.3333333333333
2030941	0	14	18
2030951	1	14	48
2031041	1	13	48.3333333333333
2031051	1	14	47
2031061	1	27	49
2031141	1	11	48
2031181	1	24	50
2031191	1	26	51.6666666666667
2031221	1	15	48
2031251	1	10	49
2031261	1	41	46.6666666666667
2031281	1	12	48.6666666666667
2031321	1	9	46
2031341	1	13	19
2031371	0	31	48
2031401	0	35	51
2031421	1	9	18.6666666666667
2031451	0	4	14
2031511	1	4	42
2031521	1	5	42
2031541	1	7	40
2031591	0	14	54
2031621	0	3	38
2031631	1	3	14
2031641	0	6	17
2031651	0	40	51.3333333333333
2031661	0	2	40
2031691	0	25	19
2031721	0	12	45
2031731	1	33	18
2031751	0	14	46.3333333333333
2031771	0	20	46.6666666666667
2031791	1	23	42.3333333333333
2031821	1	6	44
2031861	1	3	42
2031931	0	3	40.3333333333333
2031961	1	3	16
2032011	1	17	48
2032051	1	9	47
2032081	0	5	42
2032091	0	3	43.6666666666667
2032131	0	17	48.3333333333333
2032171	1	4	43
2032181	1	17	48
2032221	0	5	18
2032231	1	47	21
2032261	1	15	47
2032281	1	7	17.3333333333333
2032331	1	7	38.3333333333333
2032391	0	2	39
2032401	1	13	48
2032431	1	4	43
2032441	0	13	44
2032451	1	12	47
2032461	1	2	39
2032481	1	14	49.3333333333333
2032491	0	2	40.3333333333333
2032511	0	5	41.5
2032561	1	40	20.3333333333333
2032601	1	15	49.6666666666667
2032611	1	41	52
2032621	0	30	50
2032651	1	4	42.3333333333333
2032721	0	30	48
2032741	1	12	46.6666666666667
2032771	0	12	47.6666666666667
2032821	0	2	16
2032901	0	4	16
2032951	0	14	47
2032991	0	34	21
2033071	0	5	43
2033121	0	29	43
2033131	1	6	43
2033141	1	42	52
2033161	1	4	42
2033181	1	23	21.6666666666667
2033291	1	13	46.3333333333333
2033311	1	43	50
2033321	1	15	49.3333333333333
2033341	1	4	42
2033351	0	14	46.6666666666667
2033361	1	7	44
2033381	1	5	44.6666666666667
2033421	1	4	40.5
2033491	0	6	41
2033521	0	6	18
2033561	1	15	49
2033571	1	3	17
2033691	0	10	48.3333333333333
2033701	1	7	46.3333333333333
2033711	0	42	48
2033751	1	44	52
2033791	0	12	46.6666666666667
2033841	0	6	42.3333333333333
2033851	1	16	40.6666666666667
2033861	0	13	47
2033871	1	14	46.6666666666667
2033891	1	6	18.3333333333333
2033911	0	12	45.3333333333333
2033921	1	2	40
2033931	1	4	16
2033941	1	31	49
2034011	1	4	16
2034031	0	45	53.6666666666667
2034081	0	10	45.6666666666667
2034091	1	5	43
2034151	1	10	44.6666666666667
2034181	1	41	50
2034241	0	22	42
2034281	0	11	20
2034301	0	4	42
2034341	1	5	42.6666666666667
2034361	0	14	18.6666666666667
2034381	1	7	43.6666666666667
2034391	0	4	41.3333333333333
2034411	1	11	49
2034451	0	12	18
2034471	1	46	54.6666666666667
2034561	1	30	22.3333333333333
2034581	0	15	19.6666666666667
2034601	1	10	44
2034651	0	13	19
2034681	1	15	48.6666666666667
2034701	1	8	15.6666666666667
2034721	1	5	43.3333333333333
2034731	0	15	45
2034781	1	6	44
2034801	1	10	29.5
2034821	1	12	49
2034831	1	40	49.3333333333333
2034841	1	7	45.6666666666667
2034971	0	8	43.3333333333333
2034991	0	3	37.6666666666667
2035071	1	12	18.3333333333333
2035081	1	26	50.3333333333333
2035101	0	3	42
2035121	1	5	43.6666666666667
2035131	0	14	45
2035141	1	4	40
2035161	1	4	42.6666666666667
2035181	1	22	49.6666666666667
2035191	0	9	43
2035201	0	14	43
2035211	1	4	42.6666666666667
2035221	0	13	19
2035241	1	24	48
2035251	0	7	41
2035261	0	32	19
2035301	1	34	50
2035341	0	12	46.6666666666667
2035351	0	29	48.3333333333333
2035411	0	4	40.3333333333333
2035461	0	15	45
2035471	1	4	43
2035501	0	18	47
2035521	1	45	20
2035541	1	44	49
2035551	0	13	48.6666666666667
2035561	1	43	51
2035581	1	31	47.6666666666667
2035611	0	16	17.6666666666667
2035631	0	12	18
2035641	1	28	50
2035661	0	12	18
2035671	0	5	39
2035691	0	5	42
2035711	1	7	43.6666666666667
2035721	1	32	48
2035771	1	40	50
2035801	1	19	47
2035871	1	5	17.6666666666667
2035881	1	13	19
2035891	0	41	19.6666666666667
2035921	1	31	50
2035951	0	29	48.6666666666667
2035961	1	7	42.6666666666667
2035971	1	3	36
2036021	1	10	17.6666666666667
2036061	0	7	43.3333333333333
2036071	1	2	16.3333333333333
2036101	0	3	42.6666666666667
2036151	1	33	51
2036181	0	11	18
2036231	0	13	10.6666666666667
2036311	0	14	18
2036361	0	3	42.3333333333333
2036391	1	3	16
2036431	1	27	49.3333333333333
2036441	1	18	18
2036461	0	13	47
2036521	1	4	46.3333333333333
2036541	1	5	17.6666666666667
2036561	1	3	37
2036601	1	5	43
2036621	1	35	51
2036631	1	10	46
2036671	0	16	47
2036681	1	15	19
2036721	1	31	51
2036741	0	4	39
2036781	1	25	50
2036811	0	28	49
2036831	0	31	50
2036841	0	39	50.3333333333333
2036901	1	15	19.6666666666667
2036911	0	8	43
2036921	0	18	47.3333333333333
2036951	1	5	40.3333333333333
2036991	0	11	41
2037021	0	8	46
2037051	0	13	48.3333333333333
2037071	1	14	19.3333333333333
2037101	0	9	44
2037111	0	5	16
2037131	1	5	39
2037141	0	18	47.3333333333333
2037151	0	39	19.3333333333333
2037201	1	14	19.3333333333333
2037211	1	4	43
2037251	1	3	42
2037261	1	40	51.3333333333333
2037301	1	44	52
2037311	0	3	41
2037321	0	32	51
2037341	1	7	47
2037371	0	12	45.3333333333333
2037391	1	42	19
2037431	1	37	47.3333333333333
2037451	1	13	19
2037501	0	30	49.3333333333333
2037561	0	4	18.3333333333333
2037571	1	8	46
2037581	0	18	45.3333333333333
2037601	1	13	47.3333333333333
2037621	1	42	20
2037661	0	36	49
2037671	0	13	47
2037701	1	4	44
2037731	1	23	20
2037751	0	11	42
2037761	1	7	43
2037801	1	9	45.6666666666667
2037831	1	4	42.3333333333333
2037851	0	13	18.3333333333333
2037911	1	38	20
2038031	0	4	38
2038081	0	7	18
2038091	0	5	17
2038111	1	39	51.3333333333333
2038141	1	42	19.3333333333333
2038161	1	10	46.3333333333333
2038171	1	7	44
2038191	0	15	46.6666666666667
2038201	1	1	38.3333333333333
2038211	0	20	47
2038221	0	12	48
2038231	0	20	17.6666666666667
2038271	1	9	46.6666666666667
2038291	1	25	49
2038321	1	16	44.3333333333333
2038331	1	43	21.3333333333333
2038361	0	26	44
2038371	1	13	46.3333333333333
2038451	0	21	50
2038471	1	4	16
2038501	1	14	47
2038511	1	4	42
2038521	1	4	41
2038541	1	29	52
2038571	0	14	49
2038611	1	27	49.6666666666667
2038631	0	34	45
2038661	0	3	38
2038671	0	26	48.6666666666667
2038681	1	9	45.3333333333333
2038701	0	33	47
2038731	0	38	19
2038741	1	5	43
2038751	0	7	42
2038771	0	3	38
2038821	0	22	18
2038831	0	18	48
2038851	0	37	20
2038891	1	4	16
2038911	1	14	51
2038921	0	12	44
2038941	0	17	48
2038981	0	10	47.3333333333333
2039011	0	6	45
2039021	1	13	45.6666666666667
2039071	1	13	18.3333333333333
2039081	1	35	50
2039091	1	10	48
2039121	1	22	21.6666666666667
2039131	1	5	39
2039151	0	26	48
2039161	0	10	46
2039221	1	6	18
2039241	1	8	18
2039251	0	14	47
2039281	1	5	40.3333333333333
2039291	1	11	45
2039301	1	15	42
2039321	0	44	50
2039341	1	42	51
2039361	1	16	46
2039371	0	3	37
2039381	1	43	50.6666666666667
2039421	1	4	41
2039451	0	13	45.3333333333333
2039491	0	4	37.6666666666667
2039501	1	12	40.3333333333333
2039531	0	35	50
2039561	1	13	47
2039581	0	9	42
2039591	0	2	15
2039601	0	19	52
2039631	0	8	44.6666666666667
2039691	0	4	42
2039701	0	6	40.3333333333333
2039721	1	40	49
2039761	1	17	18
2039771	0	14	46.6666666666667
2039821	1	20	47
2039831	1	12	45
2039841	0	3	41
2039881	0	4	39.3333333333333
2039891	1	11	18
2039901	0	12	47.6666666666667
2039971	1	44	52
2039981	0	9	44
2040001	1	3	41.3333333333333
2040021	0	11	45
2040071	0	9	46.3333333333333
2040101	1	4	45
2040131	1	9	46.5
2040151	1	11	19.3333333333333
2040161	1	34	52.3333333333333
2040171	0	3	16
2040231	0	7	18
2040251	0	34	48.6666666666667
2040271	1	8	44
2040311	1	5	15.6666666666667
2040341	1	14	52
2040361	0	6	42
2040371	0	9	17
2040401	0	14	45
2040411	1	11	46.6666666666667
2040461	0	30	50
2040471	0	7	17
2040491	1	5	16.3333333333333
2040511	1	46	51
2040521	1	5	19.6666666666667
2040591	1	7	18
2040601	1	4	43.6666666666667
2040611	0	26	53
2040651	1	32	19
2040721	0	3	41
2040741	0	16	46.6666666666667
2040801	0	4	42.6666666666667
2040821	1	3	43
2040851	0	35	49
2040881	0	3	42.6666666666667
2040901	0	17	42
2040951	1	11	47
2041031	1	15	46.6666666666667
2041041	1	4	43.3333333333333
2041051	0	28	49
2041061	0	14	47
2041071	0	7	46
2041081	1	5	41.3333333333333
2041091	1	6	18
2041101	1	46	52
2041121	0	5	17.3333333333333
2041141	1	7	45
2041171	0	4	16
2041181	0	6	44
2041211	1	13	45
2041291	1	3	41.3333333333333
2041321	1	5	46
2041331	0	5	35
2041351	1	32	49.3333333333333
2041391	0	4	41
2041431	1	15	49.3333333333333
2041471	0	11	45
2041491	1	6	43
2041501	1	12	46
2041541	0	9	46
2041551	1	4	42.3333333333333
2041561	0	20	47
2041581	1	9	43.3333333333333
2041621	1	33	20
2041631	1	10	18
2041651	1	14	48
2041661	0	4	43.6666666666667
2041721	1	8	46.3333333333333
2041761	1	31	50.3333333333333
2041801	0	34	19
2041811	1	27	19
2041871	0	9	18
2041881	0	7	44
2041891	1	25	18
2041911	0	4	44.3333333333333
2041931	1	4	43.6666666666667
2041941	1	14	47.3333333333333
2041981	1	16	47
2041991	1	4	42
2042041	1	13	47.6666666666667
2042061	1	7	16
2042111	0	31	48
2042161	0	5	40
2042171	0	36	48
2042191	1	32	51.6666666666667
2042231	0	12	43
2042241	0	6	43
2042271	0	8	42
2042281	1	29	48.3333333333333
2042301	1	31	52.3333333333333
2042321	0	28	20
2042331	0	3	39
2042351	0	42	49
2042391	1	28	19
2042401	1	45	48
2042411	0	5	41
2042421	1	43	51
2042441	1	13	45
2042461	1	14	46
2042481	0	25	19.6666666666667
2042501	0	5	45.3333333333333
2042561	1	36	48.3333333333333
2042581	1	19	49
2042611	0	35	50
2042631	1	7	41
2042641	1	12	51
2042651	0	13	19
2042671	0	26	47
2042691	0	9	46
2042741	0	3	41.6666666666667
2042751	1	37	55
2042771	1	42	53.6666666666667
2042871	1	5	16
2042961	0	5	44
2042991	0	4	40.6666666666667
2043031	1	8	18
2043041	1	24	50
2043051	0	4	40
2043091	0	4	40.6666666666667
2043131	1	3	41
2043151	0	18	50
2043181	1	25	51.3333333333333
2043251	0	39	47
2043311	0	40	21
2043341	0	8	46.3333333333333
2043381	1	3	43.3333333333333
2043411	0	41	51
2043421	1	4	43
2043431	0	36	19.3333333333333
2043541	1	30	47.6666666666667
2043561	0	36	45
2043571	1	5	17
2043581	1	25	47.3333333333333
2043591	1	40	52
2043611	0	40	49
2043621	0	22	47
2043661	0	9	43
2043731	1	47	48
2043811	1	2	38.3333333333333
2043831	1	16	46.6666666666667
2043861	0	7	45
2043881	1	37	19.3333333333333
2043891	1	12	47
2043921	1	13	47
2043991	0	43	48
2044001	0	9	44
2044021	0	12	43.6666666666667
2044061	0	44	19
2044101	0	8	47.6666666666667
2044121	1	10	44.6666666666667
2044141	1	11	47
2044191	1	7	46
2044221	1	25	52.6666666666667
2044271	0	20	19
2044291	1	11	45.3333333333333
2044301	1	14	50.6666666666667
2044351	0	8	18
2044381	0	11	46.6666666666667
2044411	0	4	40
2044421	1	32	20
2044461	0	4	41.3333333333333
2044471	0	18	48
2044581	0	43	22
2044741	1	46	18.6666666666667
2044751	1	3	41
2044761	1	22	17.6666666666667
2044771	1	5	43
2044791	0	6	41.6666666666667
2044811	0	14	47
2044831	1	4	39
2044861	0	37	48.6666666666667
2044881	1	26	23
2044891	0	3	43
2044901	0	15	48.3333333333333
2044911	0	40	19.3333333333333
2044931	1	18	18
2044961	1	18	49.3333333333333
2045001	0	5	42
2045011	0	21	54
2045021	0	10	18
2045031	0	4	42
2045041	0	11	45
2045051	0	11	48.3333333333333
2045061	0	30	51
2045071	1	30	49.3333333333333
2045101	0	43	52
2045131	1	16	24.6666666666667
2045141	1	6	43
2045161	0	14	18.6666666666667
2045181	0	10	19
2045191	1	42	50
2045201	1	5	41
2045271	0	8	44
2045291	0	29	18.6666666666667
2045341	1	15	48
2045361	1	6	44.3333333333333
2045371	1	17	49.3333333333333
2045441	1	37	45.6666666666667
2045461	0	11	45.3333333333333
2045511	0	5	16
2045531	1	3	38.3333333333333
2045541	1	4	16
2045551	0	6	44
2045561	1	4	42
2045661	1	7	41.6666666666667
2045681	1	11	46.6666666666667
2045701	0	21	19
2045711	0	40	19
2045781	0	9	47
2045791	0	14	18
2045801	0	8	17
2045831	1	6	45
2045851	1	9	44.3333333333333
2045871	1	5	17
2045921	1	16	48
2045981	0	18	48
2046001	0	7	46
2046021	1	40	50
2046031	1	26	20.3333333333333
2046061	1	22	48.6666666666667
2046071	1	14	44.6666666666667
2046181	1	2	40.3333333333333
2046211	1	12	51
2046221	0	7	17.3333333333333
2046231	0	8	35.6666666666667
2046241	1	41	48.3333333333333
2046331	0	11	16.3333333333333
2046371	0	8	18
2046381	0	4	43.3333333333333
2046421	1	6	41
2046471	1	11	47
2046481	0	6	17
2046501	0	14	17.3333333333333
2046521	1	25	52
2046541	1	5	42.3333333333333
2046561	0	4	16
2046591	1	11	18
2046641	1	38	51.6666666666667
2046681	1	18	19
2046691	1	10	47
2046711	0	8	45
2046731	0	39	51
2046841	1	8	44.6666666666667
2046851	1	9	47
2046871	0	5	43
2046891	1	43	49.6666666666667
2046901	1	46	52.3333333333333
2046911	0	5	17
2046921	0	9	28
2046941	0	3	37.6666666666667
2046951	0	3	38
2046961	0	4	16
2046991	0	4	42
2047021	1	6	43.6666666666667
2047051	0	26	45
2047061	1	4	43
2047071	0	19	48
2047081	1	35	48
2047091	1	29	51
2047101	0	34	47
2047161	1	11	45.3333333333333
2047181	1	15	46
2047221	0	15	46.3333333333333
2047231	0	5	15
2047241	1	7	44.3333333333333
2047251	0	10	18
2047271	0	15	45.6666666666667
2047281	0	6	42
2047301	1	17	17.6666666666667
2047311	0	9	47
2047331	1	4	44
2047371	0	25	19
2047401	1	17	18
2047441	1	17	18
2047461	1	6	44.6666666666667
2047481	0	28	48
2047541	1	5	42
2047551	0	5	43.6666666666667
2047561	0	25	46
2047571	0	8	34
2047581	1	20	50
2047621	0	8	17
2047641	1	11	42.6666666666667
2047651	0	5	46
2047671	0	3	15.3333333333333
2047691	1	5	17
2047701	0	12	45
2047711	1	8	45.3333333333333
2047761	1	6	43.6666666666667
2047781	1	14	49.3333333333333
2047791	0	24	41.6666666666667
2047821	0	22	47.6666666666667
2047871	1	4	45
2047891	0	4	43.6666666666667
2048011	0	18	49
2048041	1	30	19
2048071	0	5	41.3333333333333
2048091	0	40	48
2048131	0	27	18
2048151	0	6	17.3333333333333
2048241	1	10	48
2048311	0	5	42
2048351	1	9	46
2048381	0	5	36
2048411	0	26	47.3333333333333
2048421	0	6	13
2048451	1	25	19
2048461	1	6	45.6666666666667
2048471	1	14	46
2048511	1	8	49
2048541	1	2	16
2048561	1	4	42
2048601	1	7	45
2048611	1	13	48.6666666666667
2048641	0	7	43.3333333333333
2048691	1	16	48
2048701	1	20	19
2048721	1	13	45
2048761	0	22	48
2048801	0	21	19
2048811	1	4	16
2048821	1	5	40
2048861	1	13	48.6666666666667
2048921	0	6	41
2048931	0	6	45.3333333333333
2048941	1	19	19
2049001	0	15	20
2049071	1	15	47.6666666666667
2049081	1	2	16
2049101	0	29	49
2049111	0	44	50
2049121	1	17	48
2049151	1	6	45.3333333333333
2049161	0	4	41
2049181	0	31	47.3333333333333
2049201	0	7	43
2049231	1	5	39.6666666666667
2049271	1	25	50
2049311	0	3	16
2049341	1	3	43
2049361	0	3	38
2049381	1	2	40.5
2049431	1	9	46
2049501	0	10	40
2049511	0	12	47.3333333333333
2049591	0	25	48.3333333333333
2049601	1	11	45
2049621	1	5	44
2049631	1	6	45
2049641	1	11	46.3333333333333
2049661	1	21	47
2049671	0	37	23.6666666666667
2049681	0	38	19.3333333333333
2049691	0	12	46
2049701	0	13	36
2049741	0	15	50
2049831	0	15	43.3333333333333
2049871	1	3	40.6666666666667
2049881	0	9	18
2049921	1	13	47
2049931	0	3	41
2050001	1	22	18
2050071	0	39	20
2050101	1	13	18.6666666666667
2050141	0	12	48
2050151	1	45	21
2050221	0	4	40.6666666666667
2050251	0	11	18
2050271	1	6	44
2050281	1	39	19
2050301	1	30	49
2050331	0	4	40
2050351	0	4	34
2050361	0	44	50.6666666666667
2050471	0	11	47.3333333333333
2050481	1	34	49
2050521	1	6	42
2050531	1	7	18
2050561	0	5	44
2050571	0	21	49
2050601	0	4	16
2050621	1	4	45
2050631	1	12	43.6666666666667
2050641	1	30	18
2050651	1	9	18
2050661	0	7	42.3333333333333
2050671	0	4	43
2050681	1	2	36
2050711	1	5	17.3333333333333
2050821	1	42	50
2050871	1	20	48
2050881	0	8	44.6666666666667
2051001	0	16	46
2051061	1	13	19
2051071	0	8	49
2051081	0	5	40
2051091	0	7	42.6666666666667
2051111	0	40	49
2051131	1	8	46.6666666666667
2051141	1	38	50.6666666666667
2051171	1	18	24
2051261	0	6	42.6666666666667
2051301	1	14	46.3333333333333
2051311	0	43	51
2051321	0	13	45.6666666666667
2051361	1	5	43
2051391	0	14	18.6666666666667
2051441	0	3	41
2051481	1	7	43
2051501	0	15	47.6666666666667
2051511	1	6	43
2051521	0	6	43.6666666666667
2051531	1	9	44.3333333333333
2051581	1	11	19
2051591	1	5	44
2051601	0	29	47.6666666666667
2051621	0	6	17.3333333333333
2051631	1	6	42.5
2051661	1	15	48.6666666666667
2051681	1	35	54
2051691	1	13	46
2051711	0	15	45
2051751	0	15	51.6666666666667
2051761	1	29	48
2051791	0	14	47
2051841	1	7	17.3333333333333
2051861	1	13	17
2051871	0	5	41.6666666666667
2051881	1	7	45
2051921	0	8	44
2051931	1	18	46.3333333333333
2051951	1	3	39.3333333333333
2051961	1	44	51
2052091	0	47	18.3333333333333
2052111	1	6	43
2052141	1	23	19
2052151	0	24	49
2052181	1	8	46
2052211	1	12	40
2052221	1	11	53
2052251	1	27	50
2052291	1	3	40.3333333333333
2052301	0	42	37
2052311	0	14	44.6666666666667
2052321	1	9	45.6666666666667
2052331	0	20	18.3333333333333
2052381	1	5	44
2052421	0	47	52.6666666666667
2052451	1	5	44.6666666666667
2052461	0	31	51
2052481	1	10	43
2052491	0	10	42.5
2052511	0	6	46
2052521	0	24	48
2052531	1	7	45
2052551	1	28	19.3333333333333
2052571	0	6	16.6666666666667
2052651	0	26	49
2052681	1	35	50
2052701	1	5	17
2052711	1	13	47.3333333333333
2052721	1	15	50.6666666666667
2052731	1	16	19
2052761	0	3	17
2052791	1	6	44.3333333333333
2052811	1	9	25
2052821	1	14	42.5
2052841	0	7	44
2052861	0	43	48.3333333333333
2052891	0	21	19
2052931	1	32	54.3333333333333
2053011	1	28	46.6666666666667
2053041	1	13	47
2053081	0	9	43.3333333333333
2053091	1	22	48.3333333333333
2053141	0	42	48
2053161	0	6	43
2053171	1	6	44
2053181	1	10	46.6666666666667
2053201	0	8	43
2053211	0	23	21.6666666666667
2053231	0	3	41
2053281	1	6	43.6666666666667
2053291	1	6	47.6666666666667
2053311	0	6	44
2053391	0	17	19
2053471	0	11	46
2053511	1	4	39
2053521	0	11	42.3333333333333
2053551	1	3	39
2053601	0	10	18
2053651	0	26	19
2053661	0	13	42
2053671	0	15	17
2053681	1	9	18
2053691	1	25	45
2053701	1	15	49.3333333333333
2053711	0	39	45
2053741	1	7	26.6666666666667
2053751	0	46	17
2053771	1	43	50
2053781	1	6	44
2053791	1	9	44.6666666666667
2053831	1	16	49
2053841	1	5	15.3333333333333
2053901	0	36	48
2053911	1	8	45.3333333333333
2053921	1	5	44
2053941	0	12	42
2053951	0	6	17.3333333333333
2053961	0	12	17
2053981	0	25	48.3333333333333
2053991	1	22	49
2054011	1	10	46.3333333333333
2054031	1	3	40
2054041	0	14	43.3333333333333
2054061	1	28	52
2054151	1	29	19
2054161	1	30	47.6666666666667
2054171	1	18	51
2054211	1	24	19
2054231	0	4	16
2054241	0	37	20
2054251	1	7	46.3333333333333
2054321	1	10	17
2054391	0	9	43.6666666666667
2054411	1	8	17
2054421	0	6	43
2054431	0	29	48
2054461	0	5	41
2054491	0	11	45.6666666666667
2054501	1	2	40.3333333333333
2054511	1	11	43.6666666666667
2054521	0	7	18
2054571	1	7	44.6666666666667
2054581	0	44	47.6666666666667
2054591	0	26	19
2054601	1	15	46.3333333333333
2054611	0	13	21
2054691	1	41	19
2054721	0	8	45
2054731	0	47	20
2054761	0	29	49.6666666666667
2054771	0	5	44
2054791	0	3	40
2054801	0	6	43.3333333333333
2054831	1	42	51
2054881	1	10	46
2054901	1	10	47.6666666666667
2054921	1	11	47
2054931	1	7	45
2054951	0	13	45.6666666666667
2054961	1	40	50.6666666666667
2055011	1	43	52.6666666666667
2055041	0	19	47
